3.258914232254028320e+00 3.400116920471191406e+00
3.672046422958374023e+00 3.068195819854736328e+00
3.711315155029296875e+00 3.845800161361694336e+00
2.692065238952636719e+00 3.027797222137451172e+00
3.809587955474853516e+00 3.396855592727661133e+00
6.748993873596191406e+00 7.695350646972656250e+00
5.620231151580810547e+00 5.974694252014160156e+00
5.407266616821289062e+00 5.494850158691406250e+00
4.060930252075195312e+00 4.230622768402099609e+00
4.475399494171142578e+00 4.614393711090087891e+00
2.746017456054687500e+00 2.703334808349609375e+00
6.966019630432128906e+00 7.251811981201171875e+00
4.254544734954833984e+00 3.690369844436645508e+00
5.687056541442871094e+00 6.476253509521484375e+00
4.030360698699951172e+00 3.823908805847167969e+00
3.994624137878417969e+00 2.899974346160888672e+00
3.559277057647705078e+00 3.256490230560302734e+00
8.663086891174316406e+00 9.950781822204589844e+00
4.436161994934082031e+00 4.209714889526367188e+00
3.810043334960937500e+00 2.795880079269409180e+00
6.851556301116943359e+00 6.000000000000000000e+00
4.466910362243652344e+00 4.368556022644042969e+00
6.837889671325683594e+00 6.823908805847167969e+00
5.648326873779296875e+00 6.356547355651855469e+00
5.920983314514160156e+00 6.122628688812255859e+00
5.753567695617675781e+00 6.841637611389160156e+00
3.700507164001464844e+00 4.958607196807861328e+00
3.549018859863281250e+00 3.498940706253051758e+00
4.480086803436279297e+00 4.423855781555175781e+00
3.932668685913085938e+00 4.448550224304199219e+00
7.613303661346435547e+00 8.240332603454589844e+00
3.405621290206909180e+00 2.995678663253784180e+00
3.689443111419677734e+00 3.443697452545166016e+00
3.485786914825439453e+00 3.823908805847167969e+00
3.340146303176879883e+00 2.494849920272827148e+00
3.883535623550415039e+00 4.496209144592285156e+00
8.731783866882324219e+00 8.899629592895507812e+00
6.069063186645507812e+00 5.607570171356201172e+00
5.425496101379394531e+00 4.584121704101562500e+00
2.279071807861328125e+00 2.397939920425415039e+00
3.309012413024902344e+00 2.795880079269409180e+00
3.227175951004028320e+00 3.698970079421997070e+00
3.870507478713989258e+00 3.019542217254638672e+00
3.306395292282104492e+00 3.677780628204345703e+00
6.356108665466308594e+00 6.011887073516845703e+00
4.042459011077880859e+00 4.283996582031250000e+00
4.898524761199951172e+00 5.357535362243652344e+00
6.007393836975097656e+00 6.508638381958007812e+00
4.603166580200195312e+00 3.970616340637207031e+00
3.650403976440429688e+00 4.154901981353759766e+00
3.302581548690795898e+00 3.303643703460693359e+00
3.462995529174804688e+00 4.721246242523193359e+00
6.083921432495117188e+00 6.221848964691162109e+00
3.881166219711303711e+00 4.686132907867431641e+00
3.635316371917724609e+00 2.958607196807861328e+00
3.613268852233886719e+00 4.301030158996582031e+00
4.204807281494140625e+00 4.197910785675048828e+00
3.570215940475463867e+00 3.958607196807861328e+00
3.484359264373779297e+00 4.136677265167236328e+00
6.942672729492187500e+00 7.159893989562988281e+00
3.465309619903564453e+00 3.282329559326171875e+00
7.274420261383056641e+00 7.882728576660156250e+00
4.426486015319824219e+00 6.051098346710205078e+00
9.343039512634277344e+00 9.698969841003417969e+00
3.504112720489501953e+00 3.801342964172363281e+00
4.056982517242431641e+00 4.116906642913818359e+00
7.694563388824462891e+00 8.089909553527832031e+00
3.637254714965820312e+00 3.050610065460205078e+00
3.543570518493652344e+00 5.200659275054931641e+00
2.772312164306640625e+00 3.031984329223632812e+00
4.495664596557617188e+00 5.774690628051757812e+00
5.924427032470703125e+00 6.216929435729980469e+00
6.022650718688964844e+00 6.000000000000000000e+00
5.212615489959716797e+00 7.070580959320068359e+00
5.221622943878173828e+00 5.552842140197753906e+00
6.355157852172851562e+00 6.546681880950927734e+00
6.874010086059570312e+00 7.004803657531738281e+00
2.702721595764160156e+00 2.823908805847167969e+00
3.419531345367431641e+00 3.132532596588134766e+00
9.694228172302246094e+00 9.229825019836425781e+00
6.988976478576660156e+00 7.050610065460205078e+00
6.140607833862304688e+00 7.397940158843994141e+00
3.480335950851440430e+00 3.636388063430786133e+00
4.950290679931640625e+00 4.698969841003417969e+00
3.292326927185058594e+00 3.277366161346435547e+00
4.491004943847656250e+00 4.211124897003173828e+00
4.476723670959472656e+00 4.200039386749267578e+00
4.523320674896240234e+00 4.309803962707519531e+00
6.155943870544433594e+00 6.638272285461425781e+00
5.706974029541015625e+00 5.221848964691162109e+00
5.671010494232177734e+00 4.974694252014160156e+00
5.160715103149414062e+00 4.625251770019531250e+00
4.489854812622070312e+00 3.847711563110351562e+00
3.698439359664916992e+00 2.988860130310058594e+00
8.686276435852050781e+00 9.300162315368652344e+00
3.360987663269042969e+00 8.192973136901855469e+00
5.690346717834472656e+00 5.376750946044921875e+00
3.297542572021484375e+00 3.154901981353759766e+00
2.883105754852294922e+00 3.355561494827270508e+00
3.882814407348632812e+00 4.679853916168212891e+00
3.859728336334228516e+00 4.037157535552978516e+00
3.340146303176879883e+00 1.769551038742065430e+00
4.730543136596679688e+00 4.435333728790283203e+00
6.660974025726318359e+00 6.823908805847167969e+00
5.454682826995849609e+00 4.148741722106933594e+00
5.931277275085449219e+00 7.000000000000000000e+00
7.110852241516113281e+00 7.498940944671630859e+00
5.932563781738281250e+00 6.071333885192871094e+00
4.153985023498535156e+00 3.832682609558105469e+00
4.651763916015625000e+00 3.568636178970336914e+00
3.379850387573242188e+00 3.055517435073852539e+00
3.979823112487792969e+00 4.452225208282470703e+00
4.967284202575683594e+00 5.096909999847412109e+00
5.450248718261718750e+00 4.229023456573486328e+00
5.881740570068359375e+00 5.056641578674316406e+00
3.678576707839965820e+00 4.522878646850585938e+00
4.472828865051269531e+00 6.000000000000000000e+00
6.714710712432861328e+00 7.094203948974609375e+00
8.321034431457519531e+00 7.552842140197753906e+00
4.335444450378417969e+00 3.958607196807861328e+00
3.340146303176879883e+00 3.798654794692993164e+00
2.935695648193359375e+00 3.000000000000000000e+00
3.376350402832031250e+00 3.209011554718017578e+00
7.380167961120605469e+00 7.047042846679687500e+00
3.195835113525390625e+00 3.095825672149658203e+00
6.916371345520019531e+00 5.267606258392333984e+00
3.627949953079223633e+00 3.360513448715209961e+00
3.671374559402465820e+00 3.083546161651611328e+00
5.415201663970947266e+00 6.333346843719482422e+00
6.003570556640625000e+00 6.623423099517822266e+00
4.540123939514160156e+00 4.154901981353759766e+00
5.467026710510253906e+00 6.249491691589355469e+00
6.218020915985107422e+00 6.000000000000000000e+00
3.149549961090087891e+00 3.370590448379516602e+00
4.360046386718750000e+00 3.537601947784423828e+00
5.915533065795898438e+00 6.256353378295898438e+00
3.581046104431152344e+00 3.170053243637084961e+00
4.526797771453857422e+00 3.879426002502441406e+00
5.901741027832031250e+00 5.487905025482177734e+00
6.619945526123046875e+00 6.279014110565185547e+00
4.420272827148437500e+00 3.259637355804443359e+00
7.183705329895019531e+00 7.301030158996582031e+00
4.501055717468261719e+00 4.414539337158203125e+00
8.870545387268066406e+00 8.496443748474121094e+00
5.788014411926269531e+00 6.187086582183837891e+00
3.387206792831420898e+00 2.987162828445434570e+00
3.119802951812744141e+00 2.950782060623168945e+00
4.436962604522705078e+00 4.417936801910400391e+00
3.985146522521972656e+00 4.009217262268066406e+00
2.580873250961303711e+00 3.267606258392333984e+00
4.478495597839355469e+00 4.610834121704101562e+00
6.651428222656250000e+00 7.148130416870117188e+00
7.178768634796142578e+00 7.899974346160888672e+00
5.411867141723632812e+00 5.279734134674072266e+00
3.592014551162719727e+00 4.431798458099365234e+00
5.938826560974121094e+00 5.649752140045166016e+00
4.033300876617431641e+00 4.154901981353759766e+00
4.113138198852539062e+00 3.494849920272827148e+00
3.161107778549194336e+00 3.570247650146484375e+00
7.659624576568603516e+00 8.500312805175781250e+00
5.411867141723632812e+00 6.397940158843994141e+00
6.411262512207031250e+00 7.029188156127929688e+00
4.596671104431152344e+00 4.721246242523193359e+00
5.905214309692382812e+00 5.863279342651367188e+00
2.776888608932495117e+00 2.187086582183837891e+00
3.644124269485473633e+00 4.698969841003417969e+00
3.962069511413574219e+00 4.737548828125000000e+00
8.356414794921875000e+00 9.000000000000000000e+00
5.634959220886230469e+00 5.971412658691406250e+00
3.471647977828979492e+00 4.221848964691162109e+00
4.132226943969726562e+00 4.126174449920654297e+00
3.391592264175415039e+00 3.000000000000000000e+00
7.507669925689697266e+00 7.939301967620849609e+00
4.564562320709228516e+00 4.187086582183837891e+00
3.492482185363769531e+00 3.136677026748657227e+00
4.252522468566894531e+00 3.000000000000000000e+00
6.755510330200195312e+00 4.698969841003417969e+00
3.770754098892211914e+00 3.671221494674682617e+00
4.279761791229248047e+00 3.756962060928344727e+00
5.002321243286132812e+00 5.792359828948974609e+00
4.051556110382080078e+00 3.721246480941772461e+00
3.470412254333496094e+00 3.297569513320922852e+00
4.297324180603027344e+00 3.280006170272827148e+00
8.805783271789550781e+00 8.887183189392089844e+00
6.141029357910156250e+00 6.000000000000000000e+00
2.412377357482910156e+00 2.638272047042846680e+00
4.438976287841796875e+00 5.193819999694824219e+00
4.350383758544921875e+00 3.619788646697998047e+00
2.514334201812744141e+00 2.638272047042846680e+00
7.269295215606689453e+00 7.525783538818359375e+00
5.464910984039306641e+00 5.542118072509765625e+00
3.684487104415893555e+00 3.464705944061279297e+00
3.733941555023193359e+00 4.264400959014892578e+00
6.515933036804199219e+00 6.595166206359863281e+00
3.782009124755859375e+00 3.536107063293457031e+00
3.747600555419921875e+00 2.809406995773315430e+00
6.092647552490234375e+00 6.187086582183837891e+00
4.681763172149658203e+00 3.931814193725585938e+00
4.166625022888183594e+00 3.972242832183837891e+00
3.861186981201171875e+00 4.080922126770019531e+00
5.005719661712646484e+00 4.525783538818359375e+00
5.461281299591064453e+00 6.939301967620849609e+00
6.030098915100097656e+00 6.716698646545410156e+00
3.552304267883300781e+00 5.000000000000000000e+00
4.624339103698730469e+00 4.494850158691406250e+00
6.613132476806640625e+00 7.307153224945068359e+00
3.235851049423217773e+00 3.480283021926879883e+00
2.660075187683105469e+00 2.737548828125000000e+00
4.254942893981933594e+00 3.795880079269409180e+00
3.900260448455810547e+00 3.180456161499023438e+00
4.973279476165771484e+00 4.522791862487792969e+00
5.596999645233154297e+00 5.724227905273437500e+00
3.868432998657226562e+00 4.883955001831054688e+00
3.956781864166259766e+00 3.949539184570312500e+00
3.405480861663818359e+00 4.522878646850585938e+00
4.019501209259033203e+00 3.413412809371948242e+00
4.516414642333984375e+00 5.853871822357177734e+00
6.812541007995605469e+00 6.928118228912353516e+00
6.606056213378906250e+00 5.869666099548339844e+00
5.202543258666992188e+00 5.086338520050048828e+00
4.327185153961181641e+00 4.102373123168945312e+00
3.235851049423217773e+00 3.795880079269409180e+00
3.198311328887939453e+00 4.110026359558105469e+00
4.484810829162597656e+00 5.134304046630859375e+00
3.470869779586791992e+00 3.172915697097778320e+00
3.878252983093261719e+00 3.585026741027832031e+00
6.681766510009765625e+00 7.207608222961425781e+00
7.734182357788085938e+00 8.060481071472167969e+00
8.001909255981445312e+00 8.698969841003417969e+00
6.110909461975097656e+00 6.063109874725341797e+00
4.585964202880859375e+00 3.769551038742065430e+00
5.048907279968261719e+00 5.240332126617431641e+00
6.376805782318115234e+00 5.718966484069824219e+00
5.747911453247070312e+00 5.685784339904785156e+00
5.056420326232910156e+00 4.619788646697998047e+00
5.574665546417236328e+00 5.943095207214355469e+00
4.662707805633544922e+00 3.769551038742065430e+00
3.391592264175415039e+00 2.889410257339477539e+00
4.980093002319335938e+00 4.851039886474609375e+00
3.467187166213989258e+00 3.288192749023437500e+00
4.464930057525634766e+00 4.079876899719238281e+00
4.910829544067382812e+00 4.599980354309082031e+00
5.500213146209716797e+00 7.562249660491943359e+00
7.387763023376464844e+00 6.708504199981689453e+00
3.636894464492797852e+00 3.184422254562377930e+00
7.574155807495117188e+00 7.387216091156005859e+00
3.345114946365356445e+00 3.124175786972045898e+00
5.345046997070312500e+00 5.675717353820800781e+00
3.246178150177001953e+00 4.892789840698242188e+00
2.852647304534912109e+00 3.063486337661743164e+00
2.244340181350708008e+00 2.259637355804443359e+00
4.819276332855224609e+00 5.567030906677246094e+00
2.728620767593383789e+00 2.966576337814331055e+00
7.061015605926513672e+00 7.494850158691406250e+00
7.216078758239746094e+00 6.228412628173828125e+00
2.600515127182006836e+00 2.675040721893310547e+00
4.722139358520507812e+00 4.267606258392333984e+00
7.551450729370117188e+00 8.040004730224609375e+00
2.922908782958984375e+00 3.058488607406616211e+00
5.690346717834472656e+00 6.206908226013183594e+00
8.694843292236328125e+00 8.850780487060546875e+00
4.471243381500244141e+00 4.232102394104003906e+00
4.022625446319580078e+00 3.049976110458374023e+00
2.574613094329833984e+00 2.844663858413696289e+00
3.490312576293945312e+00 4.522878646850585938e+00
3.480335950851440430e+00 3.609064817428588867e+00
6.761126041412353516e+00 7.165859222412109375e+00
4.226320266723632812e+00 4.787812232971191406e+00
4.694449424743652344e+00 5.537601947784423828e+00
3.635459423065185547e+00 2.958607196807861328e+00
7.460399627685546875e+00 7.953862190246582031e+00
3.907950162887573242e+00 3.236572027206420898e+00
3.647113800048828125e+00 3.214670181274414062e+00
2.109294176101684570e+00 2.099086999893188477e+00
7.236464500427246094e+00 7.085128307342529297e+00
3.840060949325561523e+00 2.886056661605834961e+00
4.136987686157226562e+00 3.800244808197021484e+00
3.532717704772949219e+00 4.096909999847412109e+00
2.618067741394042969e+00 2.638272047042846680e+00
2.936819791793823242e+00 3.240332126617431641e+00
5.894343852996826172e+00 5.576754093170166016e+00
3.556967973709106445e+00 4.681188106536865234e+00
5.166333198547363281e+00 5.698969841003417969e+00
8.219801902770996094e+00 8.698969841003417969e+00
3.546507358551025391e+00 4.903090000152587891e+00
9.404637336730957031e+00 9.569675445556640625e+00
2.417309761047363281e+00 1.602059960365295410e+00
3.659995555877685547e+00 4.203425884246826172e+00
4.312472343444824219e+00 4.363512039184570312e+00
5.966187477111816406e+00 5.821821212768554688e+00
3.622397661209106445e+00 2.991399765014648438e+00
4.949607849121093750e+00 5.035269260406494141e+00
3.701295375823974609e+00 2.643561124801635742e+00
5.788354396820068359e+00 4.552842140197753906e+00
4.557159423828125000e+00 4.371611118316650391e+00
3.556967973709106445e+00 3.000000000000000000e+00
3.558529853820800781e+00 3.454692840576171875e+00
7.103627204895019531e+00 7.000000000000000000e+00
2.845337390899658203e+00 3.200659513473510742e+00
3.309068679809570312e+00 3.549750804901123047e+00
3.720564842224121094e+00 3.193819999694824219e+00
3.889170408248901367e+00 3.468521118164062500e+00
3.433324337005615234e+00 4.153662681579589844e+00
4.284350395202636719e+00 4.275723934173583984e+00
3.199476718902587891e+00 2.801342964172363281e+00
2.865694046020507812e+00 3.439943552017211914e+00
2.365295886993408203e+00 2.065501451492309570e+00
5.039713859558105469e+00 3.436518907546997070e+00
3.779533863067626953e+00 3.677780628204345703e+00
4.214441776275634766e+00 4.600326061248779297e+00
2.631341457366943359e+00 3.347419023513793945e+00
2.630495071411132812e+00 1.853871941566467285e+00
4.811899185180664062e+00 4.886056423187255859e+00
4.967381477355957031e+00 4.866461277008056641e+00
3.297297239303588867e+00 3.277366161346435547e+00
4.458505630493164062e+00 4.115771293640136719e+00
4.049640178680419922e+00 3.752026796340942383e+00
6.741917610168457031e+00 7.000000000000000000e+00
5.258220672607421875e+00 5.080922126770019531e+00
6.088896751403808594e+00 6.301030158996582031e+00
3.726214408874511719e+00 3.136677026748657227e+00
4.690755844116210938e+00 5.420216560363769531e+00
2.684826850891113281e+00 2.306661367416381836e+00
3.882654428482055664e+00 3.645891666412353516e+00
5.441824436187744141e+00 5.136677265167236328e+00
8.544556617736816406e+00 8.879426002502441406e+00
5.643004417419433594e+00 5.540607452392578125e+00
4.630948066711425781e+00 4.453457355499267578e+00
5.740577697753906250e+00 4.443697452545166016e+00
4.225788116455078125e+00 3.958607196807861328e+00
5.270826339721679688e+00 5.987162590026855469e+00
5.169863700866699219e+00 4.958607196807861328e+00
3.870987892150878906e+00 4.229147911071777344e+00
5.692468643188476562e+00 4.221848964691162109e+00
4.629606246948242188e+00 4.496209144592285156e+00
2.755877494812011719e+00 3.654909372329711914e+00
4.124616622924804688e+00 3.080921888351440430e+00
3.958339214324951172e+00 3.096909999847412109e+00
4.278164863586425781e+00 3.721246480941772461e+00
7.892355442047119141e+00 8.000000000000000000e+00
7.062283039093017578e+00 6.253253459930419922e+00
6.792264461517333984e+00 6.560667514801025391e+00
2.817789554595947266e+00 3.045757532119750977e+00
4.450442314147949219e+00 4.764471530914306641e+00
6.149950981140136719e+00 7.096909999847412109e+00
3.858732700347900391e+00 3.508638381958007812e+00
4.475674629211425781e+00 5.015022754669189453e+00
2.358283519744873047e+00 2.230622768402099609e+00
6.495406150817871094e+00 6.600153446197509766e+00
4.493825912475585938e+00 3.920818805694580078e+00
4.696746349334716797e+00 4.632644176483154297e+00
4.105926990509033203e+00 4.424234867095947266e+00
2.807745456695556641e+00 3.045275211334228516e+00
3.728403806686401367e+00 3.206209659576416016e+00
3.301031827926635742e+00 3.595166206359863281e+00
2.834604501724243164e+00 3.094204187393188477e+00
4.377246379852294922e+00 4.408935546875000000e+00
4.864803791046142578e+00 3.725842237472534180e+00
