8.485974311828613281e+00 8.040004730224609375e+00
6.502798080444335938e+00 6.063109874725341797e+00
7.466172218322753906e+00 8.000000000000000000e+00
4.429087638854980469e+00 3.049976110458374023e+00
5.183360099792480469e+00 4.229023456573486328e+00
6.687517166137695312e+00 6.638272285461425781e+00
5.177130699157714844e+00 4.584121704101562500e+00
9.123723030090332031e+00 9.000000000000000000e+00
3.513840198516845703e+00 3.027797222137451172e+00
8.144635200500488281e+00 7.882728576660156250e+00
4.547996520996093750e+00 4.264400959014892578e+00
4.247803688049316406e+00 4.431798458099365234e+00
5.178671360015869141e+00 4.267606258392333984e+00
5.500919818878173828e+00 3.958607196807861328e+00
4.186761379241943359e+00 3.508638381958007812e+00
3.763556480407714844e+00 3.370590448379516602e+00
4.469951629638671875e+00 4.522878646850585938e+00
4.966670036315917969e+00 5.015022754669189453e+00
6.424098491668701172e+00 6.256353378295898438e+00
3.062186241149902344e+00 3.095825672149658203e+00
5.097083091735839844e+00 4.443697452545166016e+00
7.329191207885742188e+00 7.047042846679687500e+00
6.993947982788085938e+00 8.182517051696777344e+00
4.625674247741699219e+00 3.725842237472534180e+00
5.127109050750732422e+00 4.453457355499267578e+00
5.752646446228027344e+00 5.987162590026855469e+00
5.088520050048828125e+00 4.154901981353759766e+00
8.276495933532714844e+00 7.953862190246582031e+00
3.790002584457397461e+00 2.995678663253784180e+00
3.259815931320190430e+00 3.454692840576171875e+00
5.399520874023437500e+00 5.552842140197753906e+00
4.347192764282226562e+00 3.259637355804443359e+00
5.009564399719238281e+00 4.892789840698242188e+00
4.477115154266357422e+00 3.769551038742065430e+00
4.747653961181640625e+00 4.275723934173583984e+00
7.168373584747314453e+00 6.795879840850830078e+00
3.931134700775146484e+00 3.303643703460693359e+00
4.956487655639648438e+00 4.496209144592285156e+00
4.306712150573730469e+00 3.920818805694580078e+00
3.302632808685302734e+00 2.684563159942626953e+00
3.793441295623779297e+00 3.000000000000000000e+00
4.336463928222656250e+00 2.899974346160888672e+00
5.324735641479492188e+00 5.193819999694824219e+00
5.945778369903564453e+00 5.346787452697753906e+00
4.015900611877441406e+00 2.958607196807861328e+00
5.298018932342529297e+00 4.552842140197753906e+00
4.939346313476562500e+00 5.420216560363769531e+00
5.858606338500976562e+00 6.206908226013183594e+00
7.825112342834472656e+00 7.050610065460205078e+00
7.235683441162109375e+00 7.695350646972656250e+00
4.120707988739013672e+00 4.883955001831054688e+00
4.722717285156250000e+00 4.886056423187255859e+00
3.054674625396728516e+00 3.080921888351440430e+00
4.570205688476562500e+00 4.116906642913818359e+00
5.739416599273681641e+00 4.958607196807861328e+00
4.238433837890625000e+00 4.203425884246826172e+00
5.062272071838378906e+00 4.496209144592285156e+00
3.914539098739624023e+00 3.113509178161621094e+00
3.937919378280639648e+00 3.172915697097778320e+00
9.916029930114746094e+00 9.229825019836425781e+00
3.162296295166015625e+00 2.966576337814331055e+00
5.181537151336669922e+00 4.886056423187255859e+00
4.800679206848144531e+00 5.200659275054931641e+00
4.400485038757324219e+00 3.522878646850585938e+00
4.189865589141845703e+00 3.464705944061279297e+00
3.791337013244628906e+00 3.132532596588134766e+00
3.337072849273681641e+00 2.886056661605834961e+00
4.192390441894531250e+00 3.000000000000000000e+00
7.559671401977539062e+00 7.525783538818359375e+00
5.523562908172607422e+00 6.355561256408691406e+00
4.095492362976074219e+00 3.958607196807861328e+00
4.371029853820800781e+00 3.443697452545166016e+00
3.976397037506103516e+00 3.549750804901123047e+00
3.909668684005737305e+00 3.637044191360473633e+00
1.012639045715332031e+01 9.406747817993164062e+00
3.496965408325195312e+00 2.987162828445434570e+00
3.302632808685302734e+00 2.494849920272827148e+00
5.212715148925781250e+00 5.056641578674316406e+00
4.672108650207519531e+00 4.283996582031250000e+00
5.655060768127441406e+00 5.357535362243652344e+00
7.987278938293457031e+00 6.928118228912353516e+00
7.095374107360839844e+00 6.253253459930419922e+00
5.392625808715820312e+00 5.607570171356201172e+00
4.358937740325927734e+00 4.787812232971191406e+00
4.884199142456054688e+00 5.537601947784423828e+00
5.459914684295654297e+00 3.847711563110351562e+00
4.891831398010253906e+00 4.221848964691162109e+00
4.740902900695800781e+00 4.600326061248779297e+00
5.973144531250000000e+00 6.000000000000000000e+00
3.552147865295410156e+00 3.552841901779174805e+00
3.908733367919921875e+00 4.522878646850585938e+00
6.515563964843750000e+00 6.267606258392333984e+00
4.377213954925537109e+00 3.256490230560302734e+00
5.027898788452148438e+00 4.599980354309082031e+00
7.494379520416259766e+00 7.085128307342529297e+00
3.261034011840820312e+00 2.844663858413696289e+00
4.106675148010253906e+00 3.436518907546997070e+00
6.857123374938964844e+00 6.645891666412353516e+00
4.785871505737304688e+00 3.832682609558105469e+00
8.154746055603027344e+00 7.498940944671630859e+00
8.027771949768066406e+00 6.602059841156005859e+00
4.099538326263427734e+00 3.698970079421997070e+00
4.134252071380615234e+00 3.193819999694824219e+00
3.796894073486328125e+00 3.209011554718017578e+00
4.870600700378417969e+00 4.126174449920654297e+00
4.967613220214843750e+00 4.625251770019531250e+00
5.959207057952880859e+00 5.240332126617431641e+00
4.288783550262451172e+00 3.297569513320922852e+00
4.889000892639160156e+00 4.435333728790283203e+00
6.887622356414794922e+00 5.863279342651367188e+00
5.453651428222656250e+00 5.542118072509765625e+00
2.963675498962402344e+00 3.654909372329711914e+00
3.011231899261474609e+00 2.737393617630004883e+00
5.018201828002929688e+00 4.610834121704101562e+00
3.736908197402954102e+00 3.570247650146484375e+00
3.927062273025512695e+00 3.396855592727661133e+00
4.353727340698242188e+00 3.845800161361694336e+00
4.566732406616210938e+00 4.363512039184570312e+00
3.173993825912475586e+00 3.045757532119750977e+00
4.365755081176757812e+00 4.721246242523193359e+00
4.266309261322021484e+00 3.096909999847412109e+00
4.400485038757324219e+00 3.721246480941772461e+00
3.981342792510986328e+00 4.522878646850585938e+00
7.186769008636474609e+00 6.823908805847167969e+00
7.288880348205566406e+00 7.094203948974609375e+00
9.269196510314941406e+00 8.698969841003417969e+00
7.123217105865478516e+00 6.823908805847167969e+00
4.316387176513671875e+00 2.643561124801635742e+00
3.183835029602050781e+00 3.355561494827270508e+00
7.262036800384521484e+00 7.307153224945068359e+00
5.102118968963623047e+00 4.232102394104003906e+00
5.185708999633789062e+00 5.576754093170166016e+00
5.148411750793457031e+00 4.525783538818359375e+00
5.671325683593750000e+00 5.080922126770019531e+00
6.722569465637207031e+00 6.600153446197509766e+00
6.540864467620849609e+00 7.096909999847412109e+00
3.971513271331787109e+00 3.795880079269409180e+00
4.317177772521972656e+00 3.677780628204345703e+00
6.085359096527099609e+00 5.685784339904785156e+00
5.317290306091308594e+00 5.649752140045166016e+00
9.841400146484375000e+00 9.698969841003417969e+00
5.264469146728515625e+00 4.496209144592285156e+00
6.374875068664550781e+00 4.698969841003417969e+00
6.318406105041503906e+00 5.795879840850830078e+00
5.051351547241210938e+00 4.632644176483154297e+00
4.960921764373779297e+00 5.134304046630859375e+00
4.383550643920898438e+00 4.197910785675048828e+00
4.140010833740234375e+00 2.991399765014648438e+00
5.990920543670654297e+00 6.071333885192871094e+00
3.168562889099121094e+00 3.031984329223632812e+00
2.521785259246826172e+00 2.230622768402099609e+00
4.108894348144531250e+00 3.468521118164062500e+00
3.903163194656372070e+00 3.346787452697753906e+00
6.779159545898437500e+00 7.397940158843994141e+00
5.068472862243652344e+00 3.769551038742065430e+00
4.218978404998779297e+00 3.236572027206420898e+00
6.309941291809082031e+00 6.000000000000000000e+00
4.104702949523925781e+00 3.170053243637084961e+00
7.829550743103027344e+00 7.000000000000000000e+00
4.952087402343750000e+00 3.280006170272827148e+00
4.736742019653320312e+00 4.221848964691162109e+00
5.282304286956787109e+00 4.522791862487792969e+00
6.235104560852050781e+00 6.187086582183837891e+00
2.999686002731323242e+00 2.675040721893310547e+00
4.579419136047363281e+00 4.424234867095947266e+00
4.192390441894531250e+00 3.000000000000000000e+00
9.623485565185546875e+00 9.300162315368652344e+00
6.506335258483886719e+00 6.000000000000000000e+00
4.894845008850097656e+00 4.009217262268066406e+00
5.991847515106201172e+00 7.070580959320068359e+00
3.008750438690185547e+00 3.267606258392333984e+00
5.324618816375732422e+00 4.423855781555175781e+00
3.688658714294433594e+00 3.455931901931762695e+00
3.910259485244750977e+00 3.288192749023437500e+00
7.539289474487304688e+00 6.595166206359863281e+00
3.102155447006225586e+00 3.347419023513793945e+00
6.769048690795898438e+00 6.546681880950927734e+00
4.905903339385986328e+00 4.448550224304199219e+00
4.083019733428955078e+00 4.096909999847412109e+00
6.952562332153320312e+00 4.851039886474609375e+00
3.441296577453613281e+00 3.136677026748657227e+00
5.226539611816406250e+00 4.371611118316650391e+00
4.401049613952636719e+00 3.920818805694580078e+00
3.848320484161376953e+00 3.154901981353759766e+00
5.605960845947265625e+00 6.397940158843994141e+00
4.192390441894531250e+00 4.681188106536865234e+00
4.090068817138671875e+00 4.698969841003417969e+00
3.964682102203369141e+00 3.609064817428588867e+00
3.221381187438964844e+00 3.282329559326171875e+00
2.777621746063232422e+00 2.638272047042846680e+00
4.957820415496826172e+00 5.774690628051757812e+00
6.907674312591552734e+00 6.216929435729980469e+00
3.964682102203369141e+00 3.636388063430786133e+00
3.190083503723144531e+00 2.950782060623168945e+00
3.901662826538085938e+00 3.585026741027832031e+00
4.943654060363769531e+00 3.900008678436279297e+00
7.316721439361572266e+00 7.165859222412109375e+00
4.280303955078125000e+00 4.187086582183837891e+00
4.643679618835449219e+00 4.494850158691406250e+00
5.167104721069335938e+00 4.679853916168212891e+00
6.114284515380859375e+00 7.562249660491943359e+00
5.484388828277587891e+00 3.920818805694580078e+00
3.822576284408569336e+00 3.055517435073852539e+00
5.985592842102050781e+00 5.792359828948974609e+00
8.574075698852539062e+00 8.240332603454589844e+00
4.131186962127685547e+00 3.000000000000000000e+00
4.984028339385986328e+00 4.764471530914306641e+00
1.016738033294677734e+01 9.569675445556640625e+00
6.842641353607177734e+00 6.122628688812255859e+00
5.985362052917480469e+00 5.974694252014160156e+00
9.800929069519042969e+00 8.850780487060546875e+00
5.880324363708496094e+00 5.035269260406494141e+00
4.424492359161376953e+00 4.136677265167236328e+00
4.736023426055908203e+00 4.903090000152587891e+00
8.381683349609375000e+00 8.136676788330078125e+00
4.916814804077148438e+00 4.686132907867431641e+00
4.152404308319091797e+00 3.958607196807861328e+00
5.178809165954589844e+00 4.866461277008056641e+00
3.658785343170166016e+00 3.645891666412353516e+00
4.700801849365234375e+00 4.614393711090087891e+00
5.661243915557861328e+00 5.136677265167236328e+00
4.657970428466796875e+00 3.823908805847167969e+00
4.221859931945800781e+00 3.536107063293457031e+00
3.005028009414672852e+00 2.306661367416381836e+00
5.114236354827880859e+00 4.698969841003417969e+00
4.711292743682861328e+00 3.407823324203491211e+00
4.770828247070312500e+00 4.102373123168945312e+00
3.793441295623779297e+00 2.889410257339477539e+00
6.167041778564453125e+00 4.148741722106933594e+00
3.180057525634765625e+00 3.063486337661743164e+00
1.949382185935974121e+00 1.602059960365295410e+00
3.587168693542480469e+00 3.200659513473510742e+00
5.493924140930175781e+00 5.567030906677246094e+00
5.605960845947265625e+00 5.279734134674072266e+00
5.073330879211425781e+00 5.096909999847412109e+00
5.809019088745117188e+00 5.487905025482177734e+00
7.553411483764648438e+00 6.708504199981689453e+00
5.858606338500976562e+00 5.376750946044921875e+00
4.680140495300292969e+00 4.102373123168945312e+00
4.407579898834228516e+00 4.408935546875000000e+00
8.628277778625488281e+00 8.500312805175781250e+00
9.714032173156738281e+00 8.958607673645019531e+00
4.488896369934082031e+00 4.619788646697998047e+00
6.031715393066406250e+00 5.971412658691406250e+00
4.126651287078857422e+00 3.050610065460205078e+00
6.233161926269531250e+00 6.939301967620849609e+00
6.876214027404785156e+00 6.228412628173828125e+00
7.198607921600341797e+00 7.207608222961425781e+00
5.268023014068603516e+00 4.209714889526367188e+00
7.259533882141113281e+00 7.004803657531738281e+00
6.013679504394531250e+00 6.000000000000000000e+00
5.277904033660888672e+00 4.414539337158203125e+00
6.953375339508056641e+00 6.333346843719482422e+00
6.452901363372802734e+00 5.821821212768554688e+00
5.733884334564208984e+00 5.540607452392578125e+00
7.761337280273437500e+00 7.387216091156005859e+00
5.031823635101318359e+00 5.853871822357177734e+00
7.505853176116943359e+00 7.301030158996582031e+00
3.302632808685302734e+00 3.798654794692993164e+00
3.173636913299560547e+00 3.045275211334228516e+00
5.263121604919433594e+00 4.721246242523193359e+00
5.056036472320556641e+00 3.619788646697998047e+00
4.364743709564208984e+00 4.309803962707519531e+00
5.138098716735839844e+00 4.974694252014160156e+00
4.463521957397460938e+00 3.214670181274414062e+00
4.512120723724365234e+00 3.568636178970336914e+00
4.408208847045898438e+00 3.800244808197021484e+00
6.197277069091796875e+00 5.943095207214355469e+00
3.524616479873657227e+00 3.124175786972045898e+00
4.677521705627441406e+00 3.537601947784423828e+00
6.500542640686035156e+00 6.356547355651855469e+00
4.978139400482177734e+00 4.115771293640136719e+00
5.195781707763671875e+00 3.879426002502441406e+00
4.639449119567871094e+00 3.690369844436645508e+00
3.392729997634887695e+00 3.439943552017211914e+00
6.220762252807617188e+00 6.187086582183837891e+00
6.970135211944580078e+00 6.560667514801025391e+00
4.104003906250000000e+00 3.019542217254638672e+00
6.299211978912353516e+00 5.724227905273437500e+00
4.648723602294921875e+00 3.000000000000000000e+00
3.276186466217041016e+00 3.795880079269409180e+00
7.505853176116943359e+00 6.391258239746093750e+00
4.269293785095214844e+00 4.522878646850585938e+00
3.474523544311523438e+00 3.498940706253051758e+00
3.119872808456420898e+00 2.397939920425415039e+00
8.993689537048339844e+00 8.089909553527832031e+00
7.723479270935058594e+00 7.899974346160888672e+00
4.184329032897949219e+00 4.154901981353759766e+00
4.437261581420898438e+00 3.671221494674682617e+00
9.798205375671386719e+00 9.447331428527832031e+00
7.443987846374511719e+00 7.251811981201171875e+00
4.604370117187500000e+00 4.452225208282470703e+00
4.605415821075439453e+00 3.972242832183837891e+00
8.018621444702148438e+00 7.552842140197753906e+00
3.990008831024169922e+00 2.809406995773315430e+00
4.014845371246337891e+00 2.958607196807861328e+00
7.940917491912841797e+00 7.159893989562988281e+00
4.841908931732177734e+00 3.931814193725585938e+00
3.522113084793090820e+00 3.360513448715209961e+00
4.279451847076416016e+00 4.958607196807861328e+00
4.004985332489013672e+00 4.221848964691162109e+00
5.470296859741210938e+00 5.221848964691162109e+00
5.067313194274902344e+00 6.000000000000000000e+00
3.057792186737060547e+00 2.638272047042846680e+00
5.676229476928710938e+00 6.249491691589355469e+00
3.247499704360961914e+00 2.801342964172363281e+00
2.702832460403442383e+00 2.187086582183837891e+00
7.594300270080566406e+00 6.623423099517822266e+00
4.477789878845214844e+00 4.154901981353759766e+00
3.396246194839477539e+00 3.068195819854736328e+00
6.898707866668701172e+00 6.508638381958007812e+00
3.428018569946289062e+00 3.240332126617431641e+00
2.979190587997436523e+00 3.000000000000000000e+00
2.758553504943847656e+00 3.193819999694824219e+00
3.187580585479736328e+00 3.058488607406616211e+00
5.308493614196777344e+00 6.716698646545410156e+00
3.905829429626464844e+00 3.180456161499023438e+00
3.276186466217041016e+00 3.480283021926879883e+00
9.814632415771484375e+00 8.899629592895507812e+00
4.264578819274902344e+00 3.949539184570312500e+00
4.733604431152343750e+00 4.211124897003173828e+00
4.026253223419189453e+00 3.184422254562377930e+00
2.877635955810546875e+00 1.853871941566467285e+00
3.452308893203735352e+00 2.686132669448852539e+00
8.958474159240722656e+00 8.698969841003417969e+00
4.883632183074951172e+00 4.230622768402099609e+00
4.497137069702148438e+00 4.200039386749267578e+00
4.820340156555175781e+00 4.173925399780273438e+00
5.723858356475830078e+00 7.000000000000000000e+00
6.456286430358886719e+00 5.610834121704101562e+00
8.624660491943359375e+00 8.457685470581054688e+00
4.038331508636474609e+00 3.206209659576416016e+00
4.114374160766601562e+00 3.721246480941772461e+00
4.074590682983398438e+00 2.988860130310058594e+00
3.990330934524536133e+00 3.801342964172363281e+00
3.177478790283203125e+00 3.094204187393188477e+00
4.181310653686523438e+00 4.301030158996582031e+00
5.185339927673339844e+00 4.079876899719238281e+00
8.442425727844238281e+00 7.939301967620849609e+00
4.608234405517578125e+00 5.000000000000000000e+00
3.439235687255859375e+00 3.413412809371948242e+00
3.019562721252441406e+00 2.795880079269409180e+00
9.194092750549316406e+00 8.879426002502441406e+00
7.689318656921386719e+00 6.279014110565185547e+00
5.058199882507324219e+00 5.141178131103515625e+00
3.830826282501220703e+00 3.823908805847167969e+00
3.964433670043945312e+00 3.136677026748657227e+00
6.920005321502685547e+00 7.000000000000000000e+00
5.353486537933349609e+00 4.417936801910400391e+00
3.690056562423706055e+00 3.045757532119750977e+00
3.836848258972167969e+00 3.277366161346435547e+00
8.222428321838378906e+00 8.060481071472167969e+00
3.496420383453369141e+00 2.823908805847167969e+00
7.368781089782714844e+00 7.029188156127929688e+00
3.735497713088989258e+00 3.677780628204345703e+00
3.710289478302001953e+00 3.494849920272827148e+00
4.849738121032714844e+00 4.037157535552978516e+00
4.212568283081054688e+00 3.083546161651611328e+00
