4.251320838928222656e+00 3.443697452545166016e+00
4.064225196838378906e+00 3.536107063293457031e+00
4.266224861145019531e+00 2.988860130310058594e+00
3.430254936218261719e+00 3.494849920272827148e+00
3.538243293762207031e+00 3.570247650146484375e+00
4.296020507812500000e+00 4.264400959014892578e+00
6.722575664520263672e+00 7.562249660491943359e+00
3.408979892730712891e+00 3.000000000000000000e+00
4.989755153656005859e+00 6.051098346710205078e+00
3.295557975769042969e+00 2.703334808349609375e+00
3.925539731979370117e+00 3.277366161346435547e+00
3.671841859817504883e+00 4.229147911071777344e+00
6.274145126342773438e+00 6.595166206359863281e+00
5.043819904327392578e+00 4.267606258392333984e+00
4.846449851989746094e+00 4.679853916168212891e+00
4.655437469482421875e+00 4.614393711090087891e+00
6.292773723602294922e+00 4.698969841003417969e+00
4.302271842956542969e+00 5.200659275054931641e+00
4.511231899261474609e+00 3.000000000000000000e+00
5.369105815887451172e+00 5.141178131103515625e+00
3.713956117630004883e+00 2.494849920272827148e+00
5.087425708770751953e+00 4.721246242523193359e+00
4.485982894897460938e+00 3.468521118164062500e+00
8.547958374023437500e+00 8.496443748474121094e+00
4.926665782928466797e+00 5.080922126770019531e+00
2.387108087539672852e+00 2.397939920425415039e+00
9.682385444641113281e+00 8.887183189392089844e+00
3.497681617736816406e+00 2.795880079269409180e+00
4.926316738128662109e+00 5.420216560363769531e+00
5.764460086822509766e+00 4.974694252014160156e+00
4.134747028350830078e+00 3.549750804901123047e+00
7.285590171813964844e+00 6.253253459930419922e+00
5.925278663635253906e+00 5.943095207214355469e+00
3.536551952362060547e+00 3.360513448715209961e+00
5.151309490203857422e+00 5.552842140197753906e+00
4.557074069976806641e+00 4.496209144592285156e+00
4.094685554504394531e+00 4.681188106536865234e+00
4.674807071685791016e+00 4.187086582183837891e+00
5.387264728546142578e+00 4.584121704101562500e+00
4.288415431976318359e+00 4.903090000152587891e+00
4.033647537231445312e+00 3.303643703460693359e+00
3.300919771194458008e+00 3.031984329223632812e+00
3.456516265869140625e+00 3.439943552017211914e+00
8.659674644470214844e+00 7.899974346160888672e+00
4.889891147613525391e+00 4.079876899719238281e+00
7.083157062530517578e+00 7.301030158996582031e+00
4.561430454254150391e+00 4.883955001831054688e+00
4.789909839630126953e+00 4.610834121704101562e+00
5.824228763580322266e+00 5.685784339904785156e+00
5.643408298492431641e+00 3.847711563110351562e+00
7.623577117919921875e+00 7.047042846679687500e+00
3.328282833099365234e+00 3.058488607406616211e+00
4.963340282440185547e+00 3.769551038742065430e+00
8.666207313537597656e+00 7.695350646972656250e+00
3.311470031738281250e+00 3.045757532119750977e+00
4.782452106475830078e+00 4.102373123168945312e+00
4.250675678253173828e+00 3.800244808197021484e+00
3.085660219192504883e+00 3.347419023513793945e+00
8.745678901672363281e+00 8.850780487060546875e+00
8.827391624450683594e+00 8.240332603454589844e+00
6.005088329315185547e+00 5.795879840850830078e+00
1.152994632720947266e+01 9.698969841003417969e+00
6.005088329315185547e+00 5.675717353820800781e+00
4.770271301269531250e+00 4.764471530914306641e+00
6.851007938385009766e+00 6.823908805847167969e+00
5.179177761077880859e+00 5.086338520050048828e+00
8.978951454162597656e+00 9.950781822204589844e+00
3.825315952301025391e+00 3.209011554718017578e+00
4.197058200836181641e+00 2.823908805847167969e+00
4.518788814544677734e+00 3.949539184570312500e+00
7.940371990203857422e+00 8.060481071472167969e+00
7.631577968597412109e+00 6.356547355651855469e+00
8.064922332763671875e+00 8.958607673645019531e+00
7.085287570953369141e+00 7.050610065460205078e+00
8.636510848999023438e+00 9.000000000000000000e+00
4.721092700958251953e+00 5.240332126617431641e+00
4.093065738677978516e+00 4.301030158996582031e+00
3.118209123611450195e+00 3.267606258392333984e+00
3.583838939666748047e+00 3.795880079269409180e+00
8.000308990478515625e+00 6.638272285461425781e+00
3.484994411468505859e+00 3.609064817428588867e+00
6.763453960418701172e+00 6.187086582183837891e+00
7.041606426239013672e+00 6.560667514801025391e+00
6.964679718017578125e+00 8.000000000000000000e+00
5.514549732208251953e+00 4.958607196807861328e+00
5.527302742004394531e+00 5.193819999694824219e+00
4.563008785247802734e+00 4.283996582031250000e+00
3.953548431396484375e+00 2.809406995773315430e+00
5.591716289520263672e+00 6.000000000000000000e+00
6.435576915740966797e+00 6.841637611389160156e+00
4.615642547607421875e+00 2.899974346160888672e+00
8.092573165893554688e+00 8.698969841003417969e+00
4.696890354156494141e+00 4.197910785675048828e+00
4.050630092620849609e+00 4.522878646850585938e+00
2.555630683898925781e+00 2.230622768402099609e+00
3.611131668090820312e+00 3.113509178161621094e+00
9.390166282653808594e+00 8.457685470581054688e+00
6.033073902130126953e+00 3.958607196807861328e+00
4.169268131256103516e+00 3.464705944061279297e+00
4.430207729339599609e+00 3.690369844436645508e+00
3.150473594665527344e+00 3.654909372329711914e+00
4.257083415985107422e+00 2.958607196807861328e+00
4.006947994232177734e+00 4.154901981353759766e+00
3.584013938903808594e+00 2.950782060623168945e+00
3.685131072998046875e+00 3.096909999847412109e+00
8.818699836730957031e+00 8.899629592895507812e+00
4.290248394012451172e+00 3.193819999694824219e+00
4.314957141876220703e+00 3.407823324203491211e+00
6.770387172698974609e+00 6.301030158996582031e+00
3.555255889892578125e+00 3.645891666412353516e+00
3.809930086135864258e+00 3.132532596588134766e+00
4.080669879913330078e+00 3.240332126617431641e+00
3.692459583282470703e+00 2.987162828445434570e+00
5.037296772003173828e+00 4.632644176483154297e+00
6.901626110076904297e+00 8.182517051696777344e+00
4.565353870391845703e+00 6.355561256408691406e+00
6.256069660186767578e+00 7.029188156127929688e+00
6.579416275024414062e+00 5.698969841003417969e+00
8.683888435363769531e+00 7.882728576660156250e+00
2.340444326400756836e+00 2.844663858413696289e+00
3.289907932281494141e+00 3.200659513473510742e+00
4.169865131378173828e+00 4.435333728790283203e+00
4.924528598785400391e+00 5.015022754669189453e+00
4.562325954437255859e+00 5.035269260406494141e+00
3.703416585922241211e+00 3.282329559326171875e+00
4.372685909271240234e+00 4.892789840698242188e+00
4.681725502014160156e+00 6.000000000000000000e+00
4.457338809967041016e+00 3.537601947784423828e+00
4.219838619232177734e+00 3.958607196807861328e+00
6.694040298461914062e+00 6.216929435729980469e+00
4.502846240997314453e+00 3.920818805694580078e+00
4.374788761138916016e+00 2.795880079269409180e+00
3.466186046600341797e+00 3.180456161499023438e+00
4.071303367614746094e+00 3.595166206359863281e+00
4.882323741912841797e+00 3.970616340637207031e+00
3.577188968658447266e+00 3.136677026748657227e+00
3.540361642837524414e+00 3.498940706253051758e+00
4.108536243438720703e+00 3.256490230560302734e+00
3.322734594345092773e+00 3.355561494827270508e+00
4.900853157043457031e+00 4.496209144592285156e+00
4.435203075408935547e+00 4.448550224304199219e+00
5.386371612548828125e+00 5.542118072509765625e+00
2.983413934707641602e+00 3.193819999694824219e+00
6.270454883575439453e+00 6.716698646545410156e+00
5.839601039886474609e+00 6.000000000000000000e+00
4.094685554504394531e+00 3.000000000000000000e+00
3.554422616958618164e+00 3.370590448379516602e+00
6.262051105499267578e+00 5.649752140045166016e+00
8.573262214660644531e+00 9.447331428527832031e+00
4.104122638702392578e+00 4.096909999847412109e+00
4.876617908477783203e+00 4.414539337158203125e+00
9.074655532836914062e+00 8.879426002502441406e+00
7.226955890655517578e+00 7.387216091156005859e+00
4.818984031677246094e+00 3.972242832183837891e+00
4.857473850250244141e+00 4.371611118316650391e+00
7.722027301788330078e+00 7.307153224945068359e+00
6.705252647399902344e+00 5.971412658691406250e+00
4.011592388153076172e+00 3.671221494674682617e+00
6.128166675567626953e+00 6.122628688812255859e+00
3.277945995330810547e+00 2.737548828125000000e+00
3.242523193359375000e+00 2.638272047042846680e+00
3.713956117630004883e+00 3.798654794692993164e+00
6.552423000335693359e+00 5.869666099548339844e+00
4.900492668151855469e+00 4.368556022644042969e+00
3.582644462585449219e+00 2.886056661605834961e+00
4.765782833099365234e+00 5.853871822357177734e+00
4.948518276214599609e+00 4.453457355499267578e+00
4.918786525726318359e+00 4.600326061248779297e+00
6.264246463775634766e+00 6.267606258392333984e+00
4.264744281768798828e+00 3.823908805847167969e+00
4.682193279266357422e+00 3.725842237472534180e+00
3.713956117630004883e+00 1.769551038742065430e+00
3.911391258239746094e+00 3.920818805694580078e+00
4.944105148315429688e+00 4.154901981353759766e+00
5.175580501556396484e+00 3.900008678436279297e+00
3.815033674240112305e+00 2.995678663253784180e+00
3.969389915466308594e+00 3.154901981353759766e+00
6.373995780944824219e+00 5.267606258392333984e+00
3.887422561645507812e+00 3.756962060928344727e+00
4.031220912933349609e+00 4.494850158691406250e+00
3.608100652694702148e+00 3.045757532119750977e+00
2.938016414642333984e+00 1.853871941566467285e+00
6.150429725646972656e+00 4.148741722106933594e+00
4.408583641052246094e+00 4.009217262268066406e+00
3.161677837371826172e+00 2.306661367416381836e+00
4.862714290618896484e+00 4.102373123168945312e+00
4.115014553070068359e+00 4.522878646850585938e+00
3.560192584991455078e+00 2.801342964172363281e+00
4.214734554290771484e+00 3.522878646850585938e+00
6.154193878173828125e+00 6.939301967620849609e+00
4.127579212188720703e+00 3.170053243637084961e+00
3.269287824630737305e+00 2.638272047042846680e+00
7.571104049682617188e+00 8.136676788330078125e+00
3.944605350494384766e+00 3.400116920471191406e+00
4.390390872955322266e+00 4.886056423187255859e+00
4.643357753753662109e+00 3.049976110458374023e+00
2.941744089126586914e+00 2.065501451492309570e+00
5.967537879943847656e+00 5.056641578674316406e+00
4.169106483459472656e+00 2.991399765014648438e+00
4.180122852325439453e+00 3.677780628204345703e+00
3.292003631591796875e+00 2.966576337814331055e+00
4.011741638183593750e+00 3.845800161361694336e+00
4.484650135040283203e+00 4.116906642913818359e+00
6.693706035614013672e+00 6.063109874725341797e+00
3.513660907745361328e+00 3.172915697097778320e+00
4.913508892059326172e+00 4.424234867095947266e+00
3.615507602691650391e+00 3.455931901931762695e+00
3.631284475326538086e+00 4.110026359558105469e+00
6.587902069091796875e+00 6.187086582183837891e+00
5.434392452239990234e+00 5.221848964691162109e+00
4.214734554290771484e+00 3.721246480941772461e+00
3.977720737457275391e+00 3.752026796340942383e+00
4.973291873931884766e+00 4.211124897003173828e+00
8.965882301330566406e+00 9.569675445556640625e+00
9.146204948425292969e+00 9.406747817993164062e+00
7.170394897460937500e+00 7.000000000000000000e+00
6.581597805023193359e+00 6.602059841156005859e+00
3.286702156066894531e+00 2.823908805847167969e+00
6.181503295898437500e+00 6.011887073516845703e+00
8.902438163757324219e+00 9.300162315368652344e+00
6.157250881195068359e+00 6.708504199981689453e+00
4.493623256683349609e+00 4.221848964691162109e+00
5.372201919555664062e+00 5.279734134674072266e+00
4.018726348876953125e+00 3.259637355804443359e+00
6.574837207794189453e+00 7.148130416870117188e+00
7.090126037597656250e+00 7.953862190246582031e+00
4.795765399932861328e+00 4.787812232971191406e+00
4.846713542938232422e+00 4.115771293640136719e+00
5.378932476043701172e+00 4.229023456573486328e+00
7.615844249725341797e+00 7.004803657531738281e+00
2.995739936828613281e+00 2.638272047042846680e+00
4.059830188751220703e+00 3.698970079421997070e+00
5.203699588775634766e+00 4.363512039184570312e+00
4.016123771667480469e+00 4.625251770019531250e+00
4.930520534515380859e+00 4.552842140197753906e+00
5.622725009918212891e+00 5.724227905273437500e+00
7.982651710510253906e+00 6.256353378295898438e+00
6.716770172119140625e+00 4.851039886474609375e+00
6.104474067687988281e+00 6.623423099517822266e+00
4.272174358367919922e+00 3.721246480941772461e+00
3.754844665527343750e+00 3.124175786972045898e+00
4.183484554290771484e+00 4.737548828125000000e+00
5.236073970794677734e+00 4.423855781555175781e+00
3.820162296295166016e+00 3.000000000000000000e+00
5.627173900604248047e+00 6.508638381958007812e+00
6.619752407073974609e+00 5.821821212768554688e+00
4.235629081726074219e+00 4.698969841003417969e+00
6.593717575073242188e+00 6.645891666412353516e+00
4.365242481231689453e+00 3.832682609558105469e+00
4.690835475921630859e+00 4.496209144592285156e+00
2.407721996307373047e+00 2.259637355804443359e+00
4.481406211853027344e+00 3.236572027206420898e+00
6.260337352752685547e+00 6.000000000000000000e+00
4.620412826538085938e+00 3.280006170272827148e+00
4.949722290039062500e+00 5.134304046630859375e+00
3.583838939666748047e+00 3.480283021926879883e+00
3.964571237564086914e+00 4.721246242523193359e+00
3.540467500686645508e+00 3.288192749023437500e+00
6.441314220428466797e+00 5.863279342651367188e+00
8.840876579284667969e+00 8.500312805175781250e+00
4.302958011627197266e+00 5.537601947784423828e+00
2.252586841583251953e+00 2.099086999893188477e+00
5.725535869598388672e+00 5.136677265167236328e+00
9.352248191833496094e+00 8.698969841003417969e+00
7.960161209106445312e+00 7.000000000000000000e+00
6.261709690093994141e+00 5.718966484069824219e+00
3.823463201522827148e+00 3.396855592727661133e+00
6.047708511352539062e+00 7.096909999847412109e+00
6.076077461242675781e+00 5.357535362243652344e+00
6.164591312408447266e+00 5.576754093170166016e+00
6.522769927978515625e+00 5.610834121704101562e+00
6.068112850189208984e+00 6.000000000000000000e+00
4.207606792449951172e+00 4.203425884246826172e+00
3.780044794082641602e+00 3.585026741027832031e+00
3.152177810668945312e+00 2.187086582183837891e+00
3.416356086730957031e+00 2.686132669448852539e+00
3.885555267333984375e+00 3.083546161651611328e+00
3.167491436004638672e+00 2.737393617630004883e+00
4.307462215423583984e+00 4.309803962707519531e+00
4.256710529327392578e+00 2.958607196807861328e+00
5.739018917083740234e+00 6.071333885192871094e+00
7.146146297454833984e+00 6.600153446197509766e+00
5.362795352935791016e+00 5.494850158691406250e+00
4.465645790100097656e+00 3.619788646697998047e+00
4.788076877593994141e+00 4.173925399780273438e+00
3.804850101470947266e+00 4.153662681579589844e+00
2.634120225906372070e+00 1.602059960365295410e+00
4.919560909271240234e+00 5.567030906677246094e+00
7.176132678985595703e+00 6.795879840850830078e+00
5.052520751953125000e+00 4.200039386749267578e+00
3.939355850219726562e+00 3.823908805847167969e+00
4.094685554504394531e+00 3.000000000000000000e+00
6.132939815521240234e+00 5.376750946044921875e+00
4.524223327636718750e+00 4.686132907867431641e+00
5.960833072662353516e+00 5.487905025482177734e+00
4.038939476013183594e+00 4.221848964691162109e+00
3.916255712509155273e+00 4.431798458099365234e+00
4.379943370819091797e+00 4.080922126770019531e+00
3.735130786895751953e+00 8.192973136901855469e+00
4.670467376708984375e+00 4.866461277008056641e+00
4.017683029174804688e+00 4.136677265167236328e+00
6.949182033538818359e+00 6.823908805847167969e+00
4.261003971099853516e+00 5.000000000000000000e+00
4.400981903076171875e+00 3.568636178970336914e+00
5.136304378509521484e+00 7.000000000000000000e+00
4.413486480712890625e+00 4.230622768402099609e+00
3.454112529754638672e+00 3.801342964172363281e+00
4.212397098541259766e+00 3.050610065460205078e+00
4.906162738800048828e+00 4.417936801910400391e+00
4.518194198608398438e+00 4.037157535552978516e+00
3.589650630950927734e+00 3.346787452697753906e+00
5.021354675292968750e+00 4.209714889526367188e+00
4.391937732696533203e+00 6.476253509521484375e+00
3.816683530807495117e+00 3.413412809371948242e+00
3.235929489135742188e+00 3.095825672149658203e+00
5.714705944061279297e+00 5.346787452697753906e+00
7.083157062530517578e+00 6.391258239746093750e+00
4.803217411041259766e+00 4.275723934173583984e+00
6.434867382049560547e+00 7.498940944671630859e+00
4.290849208831787109e+00 3.769551038742065430e+00
4.144532680511474609e+00 3.920818805694580078e+00
4.975036144256591797e+00 5.774690628051757812e+00
4.752709865570068359e+00 4.698969841003417969e+00
3.469557762145996094e+00 3.068195819854736328e+00
6.572210788726806641e+00 7.494850158691406250e+00
4.214727878570556641e+00 4.452225208282470703e+00
4.860948085784912109e+00 4.443697452545166016e+00
3.566930532455444336e+00 3.136677026748657227e+00
4.257745265960693359e+00 3.184422254562377930e+00
6.443760395050048828e+00 7.251811981201171875e+00
4.790749073028564453e+00 4.221848964691162109e+00
5.588829517364501953e+00 5.987162590026855469e+00
3.816978931427001953e+00 3.552841901779174805e+00
3.713956117630004883e+00 2.684563159942626953e+00
8.200655937194824219e+00 7.165859222412109375e+00
6.402636051177978516e+00 7.159893989562988281e+00
3.945720672607421875e+00 3.637044191360473633e+00
6.771442890167236328e+00 7.094203948974609375e+00
9.771923065185546875e+00 8.089909553527832031e+00
6.368384838104248047e+00 5.607570171356201172e+00
5.194745540618896484e+00 5.792359828948974609e+00
6.132939815521240234e+00 6.206908226013183594e+00
5.434291362762451172e+00 7.397940158843994141e+00
3.308125495910644531e+00 3.045275211334228516e+00
4.061073303222656250e+00 4.522878646850585938e+00
4.640131473541259766e+00 3.000000000000000000e+00
3.814207792282104492e+00 3.277366161346435547e+00
4.024986743927001953e+00 3.958607196807861328e+00
3.525155782699584961e+00 3.795880079269409180e+00
4.696946144104003906e+00 3.931814193725585938e+00
4.805697917938232422e+00 4.232102394104003906e+00
3.446685314178466797e+00 3.080921888351440430e+00
3.637289285659790039e+00 3.055517435073852539e+00
6.697543621063232422e+00 6.221848964691162109e+00
4.591356277465820312e+00 4.154901981353759766e+00
6.359706878662109375e+00 6.228412628173828125e+00
4.307979106903076172e+00 3.206209659576416016e+00
4.368315219879150391e+00 3.677780628204345703e+00
