4.197956562042236328e+00 4.525783538818359375e+00
4.038746356964111328e+00 3.832682609558105469e+00
3.263566732406616211e+00 2.889410257339477539e+00
4.233417510986328125e+00 4.187086582183837891e+00
6.455164909362792969e+00 6.645891666412353516e+00
4.651997089385986328e+00 3.920818805694580078e+00
4.500020503997802734e+00 3.436518907546997070e+00
3.908440351486206055e+00 3.537601947784423828e+00
2.751484394073486328e+00 2.686132669448852539e+00
3.913572311401367188e+00 4.448550224304199219e+00
3.310661077499389648e+00 3.677780628204345703e+00
6.154408931732177734e+00 5.346787452697753906e+00
3.913212776184082031e+00 2.899974346160888672e+00
3.366870641708374023e+00 4.154901981353759766e+00
4.390367031097412109e+00 4.221848964691162109e+00
3.539959669113159180e+00 4.698969841003417969e+00
4.553659439086914062e+00 4.371611118316650391e+00
3.473009586334228516e+00 3.346787452697753906e+00
4.051305770874023438e+00 4.126174449920654297e+00
8.626509666442871094e+00 9.447331428527832031e+00
3.612092018127441406e+00 3.214670181274414062e+00
3.288531303405761719e+00 3.132532596588134766e+00
5.761104106903076172e+00 5.610834121704101562e+00
6.640623092651367188e+00 6.823908805847167969e+00
3.912301301956176758e+00 4.686132907867431641e+00
3.300867080688476562e+00 4.153662681579589844e+00
2.451952457427978516e+00 2.844663858413696289e+00
4.653217792510986328e+00 4.584121704101562500e+00
5.510739803314208984e+00 5.675717353820800781e+00
3.522729635238647461e+00 3.920818805694580078e+00
6.137293338775634766e+00 6.623423099517822266e+00
3.553050994873046875e+00 3.798654794692993164e+00
3.336854457855224609e+00 3.636388063430786133e+00
6.540703296661376953e+00 6.216929435729980469e+00
3.624771118164062500e+00 3.259637355804443359e+00
3.395686388015747070e+00 3.464705944061279297e+00
6.364389896392822266e+00 6.391258239746093750e+00
6.449072360992431641e+00 6.638272285461425781e+00
3.916103124618530273e+00 4.230622768402099609e+00
2.473792552947998047e+00 3.193819999694824219e+00
4.568693637847900391e+00 3.690369844436645508e+00
5.918082714080810547e+00 5.240332126617431641e+00
2.615063190460205078e+00 3.136677026748657227e+00
3.960505962371826172e+00 5.200659275054931641e+00
3.994063377380371094e+00 4.203425884246826172e+00
6.442662715911865234e+00 6.267606258392333984e+00
3.918232440948486328e+00 3.027797222137451172e+00
4.288599967956542969e+00 5.774690628051757812e+00
5.458800315856933594e+00 5.494850158691406250e+00
5.505191326141357422e+00 5.685784339904785156e+00
4.352215290069580078e+00 4.619788646697998047e+00
5.483700752258300781e+00 5.279734134674072266e+00
7.771708011627197266e+00 8.136676788330078125e+00
3.558090686798095703e+00 2.988860130310058594e+00
3.212262630462646484e+00 3.055517435073852539e+00
4.624235153198242188e+00 4.552842140197753906e+00
6.490193843841552734e+00 5.863279342651367188e+00
3.389110088348388672e+00 3.303643703460693359e+00
4.103920459747314453e+00 4.600326061248779297e+00
5.928880214691162109e+00 6.823908805847167969e+00
3.148200511932373047e+00 3.756962060928344727e+00
6.755250453948974609e+00 7.307153224945068359e+00
4.859586715698242188e+00 5.221848964691162109e+00
4.954654216766357422e+00 6.051098346710205078e+00
2.677478551864624023e+00 3.045275211334228516e+00
4.124413490295410156e+00 4.102373123168945312e+00
3.553050994873046875e+00 1.769551038742065430e+00
2.833854675292968750e+00 3.000000000000000000e+00
5.939640998840332031e+00 6.000000000000000000e+00
5.647486209869384766e+00 6.000000000000000000e+00
7.344114780426025391e+00 8.040004730224609375e+00
3.298433303833007812e+00 4.522878646850585938e+00
3.794137001037597656e+00 3.949539184570312500e+00
8.655986785888671875e+00 8.958607673645019531e+00
6.173872470855712891e+00 6.256353378295898438e+00
2.835360050201416016e+00 1.853871941566467285e+00
3.363955020904541016e+00 3.801342964172363281e+00
9.358492851257324219e+00 8.698969841003417969e+00
4.141376972198486328e+00 3.568636178970336914e+00
2.897827148437500000e+00 3.498940706253051758e+00
5.510739803314208984e+00 5.795879840850830078e+00
4.349366188049316406e+00 4.211124897003173828e+00
4.057921886444091797e+00 4.610834121704101562e+00
8.639452934265136719e+00 9.000000000000000000e+00
4.821731090545654297e+00 6.011887073516845703e+00
2.787744045257568359e+00 3.494849920272827148e+00
9.112462043762207031e+00 8.887183189392089844e+00
3.124105930328369141e+00 3.645891666412353516e+00
7.502734661102294922e+00 7.882728576660156250e+00
5.997724056243896484e+00 6.333346843719482422e+00
6.793437480926513672e+00 7.000000000000000000e+00
3.665323257446289062e+00 3.671221494674682617e+00
4.137063503265380859e+00 4.737548828125000000e+00
4.300822734832763672e+00 4.079876899719238281e+00
6.453788280487060547e+00 4.958607196807861328e+00
5.269889831542968750e+00 5.971412658691406250e+00
2.808988571166992188e+00 2.306661367416381836e+00
3.038695335388183594e+00 2.987162828445434570e+00
4.419956684112548828e+00 4.173925399780273438e+00
3.826699018478393555e+00 3.595166206359863281e+00
2.491329193115234375e+00 2.397939920425415039e+00
3.979930639266967773e+00 4.197910785675048828e+00
4.328227996826171875e+00 4.221848964691162109e+00
4.747120857238769531e+00 6.716698646545410156e+00
7.490578651428222656e+00 8.500312805175781250e+00
6.008672237396240234e+00 6.356547355651855469e+00
3.653709650039672852e+00 2.795880079269409180e+00
7.853743076324462891e+00 8.457685470581054688e+00
6.743935108184814453e+00 6.228412628173828125e+00
4.135298728942871094e+00 3.000000000000000000e+00
5.642186641693115234e+00 6.249491691589355469e+00
5.691200256347656250e+00 6.000000000000000000e+00
4.091557025909423828e+00 4.764471530914306641e+00
2.675292253494262695e+00 3.031984329223632812e+00
2.672621250152587891e+00 2.966576337814331055e+00
2.277127265930175781e+00 2.099086999893188477e+00
3.282057762145996094e+00 3.288192749023437500e+00
3.386837244033813477e+00 4.522878646850585938e+00
5.123249530792236328e+00 5.376750946044921875e+00
3.768970489501953125e+00 3.000000000000000000e+00
3.297113895416259766e+00 2.801342964172363281e+00
3.946007728576660156e+00 3.049976110458374023e+00
6.298542499542236328e+00 5.869666099548339844e+00
5.589376926422119141e+00 5.698969841003417969e+00
3.598157882690429688e+00 4.136677265167236328e+00
6.797923564910888672e+00 7.047042846679687500e+00
6.043923854827880859e+00 6.301030158996582031e+00
3.970765113830566406e+00 4.154901981353759766e+00
7.066665172576904297e+00 7.148130416870117188e+00
4.088087558746337891e+00 3.823908805847167969e+00
5.619888782501220703e+00 5.821821212768554688e+00
3.597323179244995117e+00 3.823908805847167969e+00
4.002064228057861328e+00 4.614393711090087891e+00
5.483700752258300781e+00 6.397940158843994141e+00
3.142567873001098633e+00 3.413412809371948242e+00
3.693444728851318359e+00 4.264400959014892578e+00
5.457869529724121094e+00 6.546681880950927734e+00
6.986088275909423828e+00 7.085128307342529297e+00
4.239592552185058594e+00 4.363512039184570312e+00
3.553050994873046875e+00 2.684563159942626953e+00
3.517580986022949219e+00 3.180456161499023438e+00
7.609427928924560547e+00 7.953862190246582031e+00
3.570438623428344727e+00 4.721246242523193359e+00
4.933621883392333984e+00 4.154901981353759766e+00
3.512857913970947266e+00 2.958607196807861328e+00
2.683725833892822266e+00 3.058488607406616211e+00
5.624859809875488281e+00 5.487905025482177734e+00
3.319315433502197266e+00 3.277366161346435547e+00
6.035478591918945312e+00 6.939301967620849609e+00
3.276098012924194336e+00 2.995678663253784180e+00
4.316794872283935547e+00 4.283996582031250000e+00
5.729148864746093750e+00 7.029188156127929688e+00
3.249361276626586914e+00 3.455931901931762695e+00
4.589385509490966797e+00 4.599980354309082031e+00
9.588232040405273438e+00 8.089909553527832031e+00
6.223494052886962891e+00 6.508638381958007812e+00
3.514349460601806641e+00 3.184422254562377930e+00
3.313760519027709961e+00 4.301030158996582031e+00
3.347142219543457031e+00 3.277366161346435547e+00
2.673680782318115234e+00 2.703334808349609375e+00
4.993420124053955078e+00 7.000000000000000000e+00
3.522416591644287109e+00 4.522878646850585938e+00
4.212291717529296875e+00 5.015022754669189453e+00
4.170188426971435547e+00 4.368556022644042969e+00
3.545354843139648438e+00 3.050610065460205078e+00
2.210247993469238281e+00 1.602059960365295410e+00
5.581080913543701172e+00 5.792359828948974609e+00
2.478772878646850586e+00 2.259637355804443359e+00
3.320532798767089844e+00 3.154901981353759766e+00
3.937490463256835938e+00 4.903090000152587891e+00
6.605272769927978516e+00 7.251811981201171875e+00
4.251934528350830078e+00 5.134304046630859375e+00
2.944859027862548828e+00 3.080921888351440430e+00
4.907898902893066406e+00 5.567030906677246094e+00
3.731807947158813477e+00 4.037157535552978516e+00
7.935299873352050781e+00 7.498940944671630859e+00
4.027047157287597656e+00 3.769551038742065430e+00
4.202351093292236328e+00 4.787812232971191406e+00
4.172243595123291016e+00 3.931814193725585938e+00
2.679147958755493164e+00 3.094204187393188477e+00
5.243366241455078125e+00 5.607570171356201172e+00
5.408950328826904297e+00 4.698969841003417969e+00
4.913939476013183594e+00 4.496209144592285156e+00
8.819967269897460938e+00 8.698969841003417969e+00
3.811038494110107422e+00 4.494850158691406250e+00
2.657576799392700195e+00 2.638272047042846680e+00
3.542688369750976562e+00 3.920818805694580078e+00
3.642328739166259766e+00 3.637044191360473633e+00
3.607455968856811523e+00 4.229147911071777344e+00
4.369060993194580078e+00 3.522878646850585938e+00
4.488589286804199219e+00 4.443697452545166016e+00
5.824779510498046875e+00 7.397940158843994141e+00
3.313839912414550781e+00 3.958607196807861328e+00
9.271924972534179688e+00 8.899629592895507812e+00
3.846398830413818359e+00 3.769551038742065430e+00
2.665989875793457031e+00 2.638272047042846680e+00
4.562996864318847656e+00 5.096909999847412109e+00
4.056464195251464844e+00 3.972242832183837891e+00
3.484437227249145508e+00 2.643561124801635742e+00
6.705508708953857422e+00 6.928118228912353516e+00
3.611173629760742188e+00 3.721246480941772461e+00
6.348722934722900391e+00 7.207608222961425781e+00
6.205311298370361328e+00 7.562249660491943359e+00
4.305868625640869141e+00 4.267606258392333984e+00
3.862433433532714844e+00 3.800244808197021484e+00
7.826459884643554688e+00 8.060481071472167969e+00
7.080773353576660156e+00 7.552842140197753906e+00
2.962817192077636719e+00 3.200659513473510742e+00
4.717864990234375000e+00 4.417936801910400391e+00
2.677597522735595703e+00 3.045757532119750977e+00
5.022079944610595703e+00 4.721246242523193359e+00
3.529348373413085938e+00 3.256490230560302734e+00
4.273989677429199219e+00 3.725842237472534180e+00
3.487026214599609375e+00 4.958607196807861328e+00
3.500031471252441406e+00 3.585026741027832031e+00
3.175622940063476562e+00 3.124175786972045898e+00
4.080880641937255859e+00 3.958607196807861328e+00
3.282337665557861328e+00 3.443697452545166016e+00
6.146949291229248047e+00 4.851039886474609375e+00
4.107901573181152344e+00 5.420216560363769531e+00
6.903973102569580078e+00 7.000000000000000000e+00
4.671776771545410156e+00 4.632644176483154297e+00
6.409545421600341797e+00 5.987162590026855469e+00
2.814899682998657227e+00 2.737393617630004883e+00
3.263566732406616211e+00 3.000000000000000000e+00
6.002403736114501953e+00 5.267606258392333984e+00
4.847090244293212891e+00 5.649752140045166016e+00
3.609886169433593750e+00 2.991399765014648438e+00
2.671050786972045898e+00 2.823908805847167969e+00
7.576445102691650391e+00 7.159893989562988281e+00
3.540671825408935547e+00 2.823908805847167969e+00
2.432074308395385742e+00 2.638272047042846680e+00
8.338143348693847656e+00 8.879426002502441406e+00
3.687552452087402344e+00 2.809406995773315430e+00
3.182018041610717773e+00 2.950782060623168945e+00
2.753186702728271484e+00 3.267606258392333984e+00
3.553050994873046875e+00 2.494849920272827148e+00
3.491909027099609375e+00 3.845800161361694336e+00
6.099888324737548828e+00 5.943095207214355469e+00
3.250936269760131836e+00 3.209011554718017578e+00
5.015707492828369141e+00 6.071333885192871094e+00
6.332451343536376953e+00 6.602059841156005859e+00
3.914835691452026367e+00 4.009217262268066406e+00
3.326860904693603516e+00 3.170053243637084961e+00
7.579558849334716797e+00 7.525783538818359375e+00
4.430994510650634766e+00 4.522791862487792969e+00
9.400060653686523438e+00 9.950781822204589844e+00
4.677717685699462891e+00 4.886056423187255859e+00
6.695002555847167969e+00 7.494850158691406250e+00
3.262814521789550781e+00 3.045757532119750977e+00
5.025811672210693359e+00 5.357535362243652344e+00
3.359134197235107422e+00 3.480283021926879883e+00
4.484987735748291016e+00 3.900008678436279297e+00
4.190541744232177734e+00 3.698970079421997070e+00
3.768970489501953125e+00 4.681188106536865234e+00
4.063264369964599609e+00 3.407823324203491211e+00
7.282293319702148438e+00 7.939301967620849609e+00
5.089823246002197266e+00 3.958607196807861328e+00
4.611210346221923828e+00 4.453457355499267578e+00
4.739527702331542969e+00 5.136677265167236328e+00
6.366856575012207031e+00 7.096909999847412109e+00
4.208628654479980469e+00 3.619788646697998047e+00
6.827964305877685547e+00 6.253253459930419922e+00
2.668487548828125000e+00 2.737548828125000000e+00
6.898732662200927734e+00 7.695350646972656250e+00
5.077339649200439453e+00 5.080922126770019531e+00
3.732508420944213867e+00 3.752026796340942383e+00
2.882286548614501953e+00 3.136677026748657227e+00
4.103533267974853516e+00 4.892789840698242188e+00
6.216778278350830078e+00 6.279014110565185547e+00
8.798853874206542969e+00 9.229825019836425781e+00
3.264762639999389648e+00 3.439943552017211914e+00
3.445118427276611328e+00 3.297569513320922852e+00
2.492476224899291992e+00 2.065501451492309570e+00
5.352210521697998047e+00 5.718966484069824219e+00
4.623178005218505859e+00 4.414539337158203125e+00
2.858448982238769531e+00 3.347419023513793945e+00
2.671267509460449219e+00 2.230622768402099609e+00
4.112472057342529297e+00 4.232102394104003906e+00
6.296411037445068359e+00 6.187086582183837891e+00
3.540112495422363281e+00 3.193819999694824219e+00
7.201567173004150391e+00 7.387216091156005859e+00
3.313062667846679688e+00 3.206209659576416016e+00
9.136143684387207031e+00 9.569675445556640625e+00
5.540824413299560547e+00 6.221848964691162109e+00
3.802029371261596680e+00 4.309803962707519531e+00
3.562309503555297852e+00 8.192973136901855469e+00
4.610438823699951172e+00 4.200039386749267578e+00
6.543880939483642578e+00 7.165859222412109375e+00
6.336497783660888672e+00 8.182517051696777344e+00
4.565973758697509766e+00 5.853871822357177734e+00
4.210128307342529297e+00 4.102373123168945312e+00
6.208197593688964844e+00 6.841637611389160156e+00
7.169519901275634766e+00 7.094203948974609375e+00
2.826858520507812500e+00 4.110026359558105469e+00
3.410449504852294922e+00 3.019542217254638672e+00
3.233026027679443359e+00 4.522878646850585938e+00
2.774549961090087891e+00 2.675040721893310547e+00
3.332961559295654297e+00 3.552841901779174805e+00
3.515357017517089844e+00 4.431798458099365234e+00
3.512437343597412109e+00 2.958607196807861328e+00
5.914888858795166016e+00 6.187086582183837891e+00
5.874549865722656250e+00 5.540607452392578125e+00
9.239082336425781250e+00 8.850780487060546875e+00
4.597357273101806641e+00 4.229023456573486328e+00
3.848258972167968750e+00 3.000000000000000000e+00
4.131942272186279297e+00 3.879426002502441406e+00
3.429323196411132812e+00 3.549750804901123047e+00
3.101168155670166016e+00 3.370590448379516602e+00
3.155589342117309570e+00 3.282329559326171875e+00
3.577123641967773438e+00 3.677780628204345703e+00
2.680275201797485352e+00 3.063486337661743164e+00
5.242328643798828125e+00 5.193819999694824219e+00
3.562817335128784180e+00 3.113509178161621094e+00
4.660257816314697266e+00 6.355561256408691406e+00
5.632999897003173828e+00 5.086338520050048828e+00
2.914955615997314453e+00 2.795880079269409180e+00
3.737708568572998047e+00 3.236572027206420898e+00
8.773881912231445312e+00 9.698969841003417969e+00
4.396256923675537109e+00 4.423855781555175781e+00
3.713583469390869141e+00 4.496209144592285156e+00
5.083466053009033203e+00 5.724227905273437500e+00
4.498420238494873047e+00 5.141178131103515625e+00
8.164200782775878906e+00 8.496443748474121094e+00
3.777671337127685547e+00 4.408935546875000000e+00
3.577316284179687500e+00 4.435333728790283203e+00
4.812568187713623047e+00 4.866461277008056641e+00
7.458395957946777344e+00 7.050610065460205078e+00
4.661665439605712891e+00 3.847711563110351562e+00
2.504196166992187500e+00 2.187086582183837891e+00
6.967893123626708984e+00 6.708504199981689453e+00
3.175806045532226562e+00 2.886056661605834961e+00
4.608633518218994141e+00 5.576754093170166016e+00
3.585956096649169922e+00 3.083546161651611328e+00
4.492375373840332031e+00 3.400116920471191406e+00
7.109282493591308594e+00 6.795879840850830078e+00
2.739748001098632812e+00 3.068195819854736328e+00
9.089371681213378906e+00 9.406747817993164062e+00
4.836789608001708984e+00 7.070580959320068359e+00
3.648395538330078125e+00 4.886056423187255859e+00
3.793686866760253906e+00 3.970616340637207031e+00
7.417655467987060547e+00 8.240332603454589844e+00
3.336854457855224609e+00 3.609064817428588867e+00
5.932447910308837891e+00 5.974694252014160156e+00
9.342136383056640625e+00 9.300162315368652344e+00
3.359134197235107422e+00 3.795880079269409180e+00
3.152868986129760742e+00 3.454692840576171875e+00
7.295208454132080078e+00 7.004803657531738281e+00
3.554678201675415039e+00 3.508638381958007812e+00
4.487076282501220703e+00 4.209714889526367188e+00
3.602122545242309570e+00 4.080922126770019531e+00
3.710565090179443359e+00 3.468521118164062500e+00
4.112561702728271484e+00 4.452225208282470703e+00
7.238050937652587891e+00 7.899974346160888672e+00
2.800107002258300781e+00 3.654909372329711914e+00
3.893841981887817383e+00 4.116906642913818359e+00
4.692948818206787109e+00 6.476253509521484375e+00
4.152096271514892578e+00 3.280006170272827148e+00
