5.827424526214599609e+00 6.476253509521484375e+00
4.993649005889892578e+00 5.542118072509765625e+00
3.493592262268066406e+00 3.823908805847167969e+00
3.572349786758422852e+00 2.987162828445434570e+00
5.759984493255615234e+00 5.724227905273437500e+00
3.640184640884399414e+00 3.045757532119750977e+00
4.114727973937988281e+00 3.209011554718017578e+00
5.942007541656494141e+00 3.958607196807861328e+00
4.186650753021240234e+00 4.153662681579589844e+00
6.904133319854736328e+00 5.863279342651367188e+00
8.949136734008789062e+00 8.698969841003417969e+00
7.966454029083251953e+00 7.882728576660156250e+00
4.217950820922851562e+00 3.508638381958007812e+00
6.019052028656005859e+00 6.000000000000000000e+00
6.052057743072509766e+00 5.675717353820800781e+00
9.753619194030761719e+00 9.950781822204589844e+00
6.005914688110351562e+00 5.821821212768554688e+00
4.457605361938476562e+00 4.698969841003417969e+00
7.625640392303466797e+00 7.047042846679687500e+00
5.543386936187744141e+00 5.346787452697753906e+00
6.965802192687988281e+00 6.216929435729980469e+00
2.699042081832885742e+00 2.638272047042846680e+00
6.219257831573486328e+00 7.562249660491943359e+00
4.501860141754150391e+00 3.832682609558105469e+00
3.754315376281738281e+00 3.277366161346435547e+00
4.123697280883789062e+00 4.102373123168945312e+00
3.704231023788452148e+00 3.585026741027832031e+00
4.359961986541748047e+00 3.436518907546997070e+00
5.121881008148193359e+00 4.496209144592285156e+00
7.561970710754394531e+00 7.387216091156005859e+00
9.159872055053710938e+00 8.496443748474121094e+00
4.491559505462646484e+00 3.537601947784423828e+00
5.644042968750000000e+00 4.974694252014160156e+00
5.513004302978515625e+00 4.525783538818359375e+00
5.269989490509033203e+00 5.357535362243652344e+00
9.668119430541992188e+00 9.300162315368652344e+00
6.249380588531494141e+00 6.600153446197509766e+00
2.844633340835571289e+00 2.844663858413696289e+00
7.744093418121337891e+00 7.494850158691406250e+00
4.231944561004638672e+00 4.452225208282470703e+00
4.963344097137451172e+00 5.853871822357177734e+00
3.148707151412963867e+00 3.439943552017211914e+00
5.783385753631591797e+00 5.376750946044921875e+00
5.009518146514892578e+00 5.096909999847412109e+00
4.326931953430175781e+00 3.019542217254638672e+00
7.586931705474853516e+00 7.159893989562988281e+00
4.382547855377197266e+00 4.721246242523193359e+00
5.286332607269287109e+00 6.716698646545410156e+00
3.935758352279663086e+00 3.136677026748657227e+00
8.346584320068359375e+00 8.698969841003417969e+00
7.841442584991455078e+00 7.165859222412109375e+00
4.335891723632812500e+00 3.407823324203491211e+00
3.776870012283325195e+00 3.288192749023437500e+00
5.485141277313232422e+00 5.080922126770019531e+00
3.795264005661010742e+00 3.236572027206420898e+00
7.481524944305419922e+00 7.525783538818359375e+00
4.049705982208251953e+00 3.083546161651611328e+00
5.325904369354248047e+00 5.056641578674316406e+00
4.823764324188232422e+00 4.625251770019531250e+00
7.863347530364990234e+00 7.301030158996582031e+00
4.464912414550781250e+00 4.136677265167236328e+00
3.736633300781250000e+00 3.206209659576416016e+00
3.668013334274291992e+00 2.958607196807861328e+00
3.659653425216674805e+00 3.180456161499023438e+00
6.881476879119873047e+00 8.000000000000000000e+00
4.633842945098876953e+00 4.197910785675048828e+00
4.236460208892822266e+00 4.080922126770019531e+00
6.868164539337158203e+00 7.004803657531738281e+00
4.413869380950927734e+00 3.690369844436645508e+00
7.863347530364990234e+00 6.391258239746093750e+00
4.975327014923095703e+00 4.200039386749267578e+00
4.681721210479736328e+00 4.787812232971191406e+00
3.544237613677978516e+00 3.282329559326171875e+00
6.067556858062744141e+00 5.540607452392578125e+00
3.557518243789672852e+00 3.080921888351440430e+00
3.573796749114990234e+00 3.360513448715209961e+00
2.280165672302246094e+00 2.397939920425415039e+00
4.958842754364013672e+00 4.892789840698242188e+00
9.743349075317382812e+00 9.698969841003417969e+00
5.252211093902587891e+00 4.423855781555175781e+00
7.710809230804443359e+00 7.695350646972656250e+00
5.722424983978271484e+00 4.148741722106933594e+00
5.853890895843505859e+00 5.971412658691406250e+00
4.648974418640136719e+00 4.686132907867431641e+00
2.996256113052368164e+00 3.063486337661743164e+00
6.907901287078857422e+00 7.397940158843994141e+00
3.808866739273071289e+00 2.899974346160888672e+00
4.139715194702148438e+00 4.368556022644042969e+00
3.794272184371948242e+00 3.055517435073852539e+00
3.560586214065551758e+00 3.027797222137451172e+00
6.628939151763916016e+00 6.560667514801025391e+00
3.727833747863769531e+00 2.494849920272827148e+00
3.933546304702758789e+00 4.275723934173583984e+00
3.677623033523559570e+00 2.886056661605834961e+00
2.957981348037719727e+00 3.045275211334228516e+00
2.736150026321411133e+00 3.347419023513793945e+00
8.458799362182617188e+00 8.089909553527832031e+00
4.958952426910400391e+00 3.619788646697998047e+00
6.881740093231201172e+00 6.795879840850830078e+00
4.095976352691650391e+00 3.396855592727661133e+00
2.980880260467529297e+00 3.094204187393188477e+00
5.666471004486083984e+00 5.685784339904785156e+00
3.801867246627807617e+00 3.000000000000000000e+00
4.630894184112548828e+00 3.920818805694580078e+00
7.399086952209472656e+00 7.148130416870117188e+00
4.259946346282958984e+00 3.721246480941772461e+00
3.574709177017211914e+00 3.498940706253051758e+00
4.944489479064941406e+00 3.970616340637207031e+00
6.105962276458740234e+00 5.267606258392333984e+00
3.958787918090820312e+00 3.413412809371948242e+00
3.727833747863769531e+00 3.798654794692993164e+00
5.202615261077880859e+00 6.051098346710205078e+00
5.700984477996826172e+00 5.987162590026855469e+00
4.004343986511230469e+00 4.886056423187255859e+00
5.208598613739013672e+00 6.071333885192871094e+00
9.582808494567871094e+00 8.899629592895507812e+00
3.696886301040649414e+00 3.752026796340942383e+00
2.843983411788940430e+00 2.737548828125000000e+00
7.367124080657958984e+00 7.207608222961425781e+00
4.914335250854492188e+00 4.209714889526367188e+00
6.123055934906005859e+00 5.487905025482177734e+00
3.977805137634277344e+00 3.595166206359863281e+00
6.375317096710205078e+00 6.595166206359863281e+00
2.967271089553833008e+00 3.045757532119750977e+00
3.748353719711303711e+00 2.795880079269409180e+00
3.408521890640258789e+00 3.200659513473510742e+00
5.078004360198974609e+00 3.879426002502441406e+00
4.012704372406005859e+00 3.958607196807861328e+00
7.379414558410644531e+00 6.602059841156005859e+00
4.946049213409423828e+00 3.725842237472534180e+00
2.968434095382690430e+00 3.095825672149658203e+00
4.307757854461669922e+00 4.883955001831054688e+00
5.269583702087402344e+00 4.721246242523193359e+00
5.996843814849853516e+00 4.698969841003417969e+00
3.644693374633789062e+00 3.113509178161621094e+00
3.727833747863769531e+00 1.769551038742065430e+00
4.038115024566650391e+00 4.102373123168945312e+00
4.732633113861083984e+00 4.221848964691162109e+00
3.582170248031616211e+00 2.686132669448852539e+00
5.599950313568115234e+00 5.494850158691406250e+00
4.985064506530761719e+00 4.522791862487792969e+00
3.096675157546997070e+00 2.675040721893310547e+00
3.786649465560913086e+00 3.172915697097778320e+00
3.630772113800048828e+00 2.809406995773315430e+00
4.624722003936767578e+00 4.448550224304199219e+00
4.377176284790039062e+00 4.522878646850585938e+00
2.875709533691406250e+00 2.823908805847167969e+00
2.237955808639526367e+00 2.259637355804443359e+00
4.590174674987792969e+00 4.614393711090087891e+00
4.250427722930908203e+00 3.170053243637084961e+00
5.405963420867919922e+00 6.355561256408691406e+00
3.775163650512695312e+00 3.370590448379516602e+00
3.184867620468139648e+00 2.795880079269409180e+00
4.548446178436279297e+00 3.931814193725585938e+00
6.540805339813232422e+00 6.279014110565185547e+00
4.243250370025634766e+00 4.096909999847412109e+00
6.745396137237548828e+00 6.823908805847167969e+00
5.783385753631591797e+00 6.206908226013183594e+00
4.655299663543701172e+00 4.610834121704101562e+00
7.019114971160888672e+00 7.085128307342529297e+00
4.169662475585937500e+00 3.132532596588134766e+00
5.763894557952880859e+00 7.070580959320068359e+00
8.071803092956542969e+00 7.899974346160888672e+00
5.337337017059326172e+00 4.229023456573486328e+00
3.989370107650756836e+00 4.958607196807861328e+00
4.594635486602783203e+00 5.136677265167236328e+00
4.157098293304443359e+00 4.522878646850585938e+00
5.643547534942626953e+00 5.718966484069824219e+00
3.570698976516723633e+00 3.124175786972045898e+00
4.522353649139404297e+00 4.371611118316650391e+00
3.121439695358276367e+00 2.737393617630004883e+00
5.941989898681640625e+00 6.249491691589355469e+00
5.122912406921386719e+00 5.420216560363769531e+00
3.078636407852172852e+00 3.267606258392333984e+00
3.516931295394897461e+00 3.000000000000000000e+00
3.761675119400024414e+00 3.677780628204345703e+00
3.389748811721801758e+00 3.000000000000000000e+00
4.318206310272216797e+00 3.920818805694580078e+00
5.926888942718505859e+00 5.221848964691162109e+00
3.834334135055541992e+00 3.636388063430786133e+00
8.672359466552734375e+00 8.060481071472167969e+00
4.178400516510009766e+00 4.737548828125000000e+00
4.758878231048583984e+00 4.435333728790283203e+00
3.019486188888549805e+00 3.355561494827270508e+00
2.829349279403686523e+00 2.187086582183837891e+00
3.630112409591674805e+00 4.229147911071777344e+00
4.844784736633300781e+00 4.424234867095947266e+00
4.206210136413574219e+00 3.256490230560302734e+00
3.773284435272216797e+00 3.277366161346435547e+00
2.954743623733520508e+00 3.000000000000000000e+00
3.343102693557739258e+00 2.801342964172363281e+00
9.548553466796875000e+00 8.850780487060546875e+00
3.683890819549560547e+00 3.193819999694824219e+00
5.326324939727783203e+00 4.584121704101562500e+00
5.424042224884033203e+00 3.847711563110351562e+00
2.907922506332397461e+00 2.703334808349609375e+00
4.898690223693847656e+00 6.000000000000000000e+00
8.086381912231445312e+00 9.447331428527832031e+00
6.720319271087646484e+00 6.841637611389160156e+00
6.517744541168212891e+00 6.221848964691162109e+00
3.051621198654174805e+00 2.950782060623168945e+00
3.809248447418212891e+00 3.949539184570312500e+00
9.764553070068359375e+00 9.406747817993164062e+00
8.163142204284667969e+00 8.457685470581054688e+00
4.274185657501220703e+00 3.671221494674682617e+00
5.328255653381347656e+00 5.649752140045166016e+00
4.575167179107666016e+00 4.230622768402099609e+00
3.668511152267456055e+00 2.958607196807861328e+00
6.484907627105712891e+00 7.096909999847412109e+00
3.629539728164672852e+00 2.991399765014648438e+00
4.555650234222412109e+00 4.187086582183837891e+00
3.746217489242553711e+00 8.192973136901855469e+00
6.055985927581787109e+00 6.000000000000000000e+00
7.432177066802978516e+00 6.708504199981689453e+00
5.102353572845458984e+00 5.086338520050048828e+00
8.242281913757324219e+00 7.939301967620849609e+00
9.112812995910644531e+00 8.958607673645019531e+00
6.790771961212158203e+00 6.356547355651855469e+00
5.723446369171142578e+00 5.698969841003417969e+00
5.551433086395263672e+00 4.886056423187255859e+00
3.251269817352294922e+00 3.536107063293457031e+00
5.566342830657958984e+00 6.397940158843994141e+00
7.271040439605712891e+00 6.623423099517822266e+00
5.339583873748779297e+00 5.607570171356201172e+00
5.160760402679443359e+00 6.011887073516845703e+00
8.347702980041503906e+00 8.500312805175781250e+00
4.536717891693115234e+00 4.154901981353759766e+00
4.137546539306640625e+00 4.522878646850585938e+00
4.411876678466796875e+00 4.309803962707519531e+00
3.723874807357788086e+00 3.677780628204345703e+00
3.613266944885253906e+00 3.645891666412353516e+00
3.609316587448120117e+00 3.795880079269409180e+00
4.313318729400634766e+00 4.301030158996582031e+00
5.318914890289306641e+00 5.141178131103515625e+00
5.059057712554931641e+00 5.567030906677246094e+00
7.826611042022705078e+00 8.182517051696777344e+00
4.864873409271240234e+00 3.568636178970336914e+00
3.925454378128051758e+00 3.096909999847412109e+00
2.368403673171997070e+00 2.065501451492309570e+00
3.578856229782104492e+00 3.068195819854736328e+00
3.564971446990966797e+00 3.400116920471191406e+00
4.166206836700439453e+00 3.800244808197021484e+00
4.439473628997802734e+00 3.769551038742065430e+00
4.056403636932373047e+00 4.115771293640136719e+00
4.218373775482177734e+00 4.221848964691162109e+00
4.232080459594726562e+00 4.203425884246826172e+00
6.423286914825439453e+00 6.508638381958007812e+00
4.713065624237060547e+00 4.496209144592285156e+00
8.271802902221679688e+00 8.040004730224609375e+00
4.118296146392822266e+00 2.823908805847167969e+00
2.811809778213500977e+00 2.638272047042846680e+00
7.549976348876953125e+00 7.000000000000000000e+00
4.169270515441894531e+00 4.211124897003173828e+00
4.796052455902099609e+00 4.496209144592285156e+00
4.314293861389160156e+00 3.214670181274414062e+00
2.142582654953002930e+00 1.602059960365295410e+00
7.301602840423583984e+00 7.498940944671630859e+00
4.742781639099121094e+00 4.232102394104003906e+00
6.335438251495361328e+00 6.301030158996582031e+00
4.281628131866455078e+00 3.468521118164062500e+00
2.704514741897583008e+00 1.853871941566467285e+00
3.118975877761840820e+00 3.654909372329711914e+00
7.699837684631347656e+00 6.333346843719482422e+00
5.025846004486083984e+00 7.000000000000000000e+00
4.788214206695556641e+00 4.599980354309082031e+00
3.659184694290161133e+00 3.721246480941772461e+00
7.365021705627441406e+00 5.869666099548339844e+00
4.679578304290771484e+00 4.363512039184570312e+00
4.421525478363037109e+00 4.264400959014892578e+00
2.845255851745605469e+00 2.638272047042846680e+00
5.163272380828857422e+00 4.154901981353759766e+00
5.728138446807861328e+00 5.035269260406494141e+00
7.261805057525634766e+00 6.228412628173828125e+00
4.103658199310302734e+00 5.537601947784423828e+00
6.117736339569091797e+00 6.267606258392333984e+00
3.657939672470092773e+00 3.050610065460205078e+00
5.706162929534912109e+00 6.000000000000000000e+00
7.221121788024902344e+00 6.256353378295898438e+00
2.848454236984252930e+00 3.193819999694824219e+00
3.593832492828369141e+00 3.920818805694580078e+00
3.712145090103149414e+00 3.443697452545166016e+00
3.582134008407592773e+00 3.454692840576171875e+00
5.182851314544677734e+00 4.866461277008056641e+00
4.384852886199951172e+00 4.173925399780273438e+00
7.500088214874267578e+00 7.000000000000000000e+00
4.259946346282958984e+00 3.522878646850585938e+00
8.870960235595703125e+00 9.229825019836425781e+00
7.234238624572753906e+00 6.638272285461425781e+00
4.877999305725097656e+00 4.679853916168212891e+00
5.705611705780029297e+00 5.240332126617431641e+00
4.947705745697021484e+00 4.221848964691162109e+00
3.783652305603027344e+00 3.570247650146484375e+00
6.827375888824462891e+00 6.928118228912353516e+00
3.893024921417236328e+00 3.698970079421997070e+00
4.829100131988525391e+00 4.079876899719238281e+00
4.556101322174072266e+00 4.494850158691406250e+00
6.398111343383789062e+00 6.063109874725341797e+00
4.164426326751708984e+00 4.522878646850585938e+00
5.859430789947509766e+00 6.546681880950927734e+00
3.507986307144165039e+00 5.000000000000000000e+00
5.725232601165771484e+00 6.939301967620849609e+00
3.675646543502807617e+00 3.346787452697753906e+00
4.248499870300292969e+00 3.756962060928344727e+00
3.676588773727416992e+00 4.698969841003417969e+00
3.565601587295532227e+00 3.637044191360473633e+00
5.571599483489990234e+00 4.958607196807861328e+00
3.480295419692993164e+00 3.154901981353759766e+00
6.206940174102783203e+00 7.029188156127929688e+00
3.042916536331176758e+00 3.058488607406616211e+00
4.135156154632568359e+00 2.889410257339477539e+00
3.265656948089599609e+00 3.240332126617431641e+00
3.999797105789184570e+00 2.643561124801635742e+00
5.566342830657958984e+00 5.279734134674072266e+00
3.787104368209838867e+00 4.408935546875000000e+00
5.360533237457275391e+00 4.267606258392333984e+00
4.603705883026123047e+00 4.453457355499267578e+00
2.198085546493530273e+00 2.099086999893188477e+00
9.079118728637695312e+00 8.887183189392089844e+00
6.450759887695312500e+00 6.000000000000000000e+00
3.516931295394897461e+00 3.000000000000000000e+00
4.763608932495117188e+00 4.443697452545166016e+00
5.381111621856689453e+00 5.193819999694824219e+00
3.570895671844482422e+00 3.552841901779174805e+00
7.646605968475341797e+00 7.251811981201171875e+00
4.743919849395751953e+00 3.900008678436279297e+00
4.284486770629882812e+00 3.958607196807861328e+00
2.669996976852416992e+00 4.110026359558105469e+00
3.649096965789794922e+00 3.455931901931762695e+00
6.090367317199707031e+00 6.645891666412353516e+00
6.314339637756347656e+00 6.122628688812255859e+00
7.799736976623535156e+00 7.050610065460205078e+00
6.193333148956298828e+00 6.187086582183837891e+00
6.052057743072509766e+00 5.795879840850830078e+00
6.185617446899414062e+00 6.187086582183837891e+00
4.539988994598388672e+00 3.259637355804443359e+00
3.792230606079101562e+00 3.303643703460693359e+00
8.032944679260253906e+00 8.136676788330078125e+00
5.155412673950195312e+00 3.769551038742065430e+00
1.031520557403564453e+01 9.569675445556640625e+00
5.972469806671142578e+00 5.610834121704101562e+00
3.883297443389892578e+00 3.801342964172363281e+00
3.503721714019775391e+00 5.200659275054931641e+00
3.705093860626220703e+00 2.988860130310058594e+00
2.524970531463623047e+00 2.230622768402099609e+00
3.442033052444458008e+00 3.480283021926879883e+00
3.727833747863769531e+00 2.684563159942626953e+00
8.168861389160156250e+00 7.552842140197753906e+00
5.353780746459960938e+00 4.600326061248779297e+00
3.811553955078125000e+00 3.549750804901123047e+00
3.442033052444458008e+00 3.795880079269409180e+00
3.999128103256225586e+00 4.126174449920654297e+00
4.097437381744384766e+00 3.297569513320922852e+00
7.491445541381835938e+00 7.094203948974609375e+00
4.673724651336669922e+00 4.632644176483154297e+00
5.135571479797363281e+00 4.619788646697998047e+00
4.629014968872070312e+00 4.037157535552978516e+00
5.375328540802001953e+00 5.552842140197753906e+00
6.160772800445556641e+00 5.974694252014160156e+00
