3.254284620285034180e+00 3.920818805694580078e+00
7.413905143737792969e+00 7.050610065460205078e+00
3.244832992553710938e+00 3.347419023513793945e+00
3.928566694259643555e+00 4.958607196807861328e+00
8.382495880126953125e+00 9.300162315368652344e+00
4.179987430572509766e+00 4.154901981353759766e+00
3.115889310836791992e+00 2.823908805847167969e+00
3.551333189010620117e+00 3.698970079421997070e+00
5.171669006347656250e+00 3.619788646697998047e+00
3.400414705276489258e+00 3.132532596588134766e+00
3.738838434219360352e+00 3.958607196807861328e+00
5.783585071563720703e+00 5.649752140045166016e+00
5.868092060089111328e+00 6.071333885192871094e+00
7.220314025878906250e+00 7.159893989562988281e+00
4.959676265716552734e+00 6.928118228912353516e+00
3.922292470932006836e+00 4.116906642913818359e+00
2.513645410537719727e+00 2.306661367416381836e+00
3.880456209182739258e+00 3.282329559326171875e+00
2.557612657546997070e+00 2.397939920425415039e+00
6.832628726959228516e+00 6.823908805847167969e+00
4.376148223876953125e+00 4.187086582183837891e+00
4.014785289764404297e+00 4.903090000152587891e+00
4.852857112884521484e+00 4.619788646697998047e+00
4.772094726562500000e+00 6.000000000000000000e+00
3.203959226608276367e+00 3.549750804901123047e+00
4.788044452667236328e+00 4.232102394104003906e+00
4.485814571380615234e+00 3.413412809371948242e+00
3.432996988296508789e+00 3.124175786972045898e+00
6.095430374145507812e+00 6.221848964691162109e+00
3.957246303558349609e+00 3.671221494674682617e+00
6.511213779449462891e+00 7.301030158996582031e+00
3.255907058715820312e+00 3.063486337661743164e+00
4.730720043182373047e+00 4.414539337158203125e+00
5.799381256103515625e+00 6.000000000000000000e+00
5.546529293060302734e+00 5.795879840850830078e+00
3.705238819122314453e+00 3.346787452697753906e+00
3.652049064636230469e+00 3.049976110458374023e+00
6.008517265319824219e+00 6.602059841156005859e+00
3.643109083175659180e+00 3.677780628204345703e+00
5.566143512725830078e+00 6.011887073516845703e+00
3.867582321166992188e+00 4.211124897003173828e+00
5.699641704559326172e+00 6.000000000000000000e+00
5.610976696014404297e+00 5.607570171356201172e+00
8.781679153442382812e+00 9.000000000000000000e+00
4.992138385772705078e+00 4.148741722106933594e+00
3.991190195083618164e+00 5.000000000000000000e+00
6.555091381072998047e+00 6.000000000000000000e+00
4.401867389678955078e+00 4.787812232971191406e+00
3.897288560867309570e+00 4.431798458099365234e+00
5.192965030670166016e+00 6.249491691589355469e+00
3.122941493988037109e+00 3.277366161346435547e+00
3.170376062393188477e+00 2.703334808349609375e+00
6.422849178314208984e+00 7.494850158691406250e+00
3.907611131668090820e+00 3.795880079269409180e+00
3.959504127502441406e+00 3.464705944061279297e+00
4.337203979492187500e+00 4.496209144592285156e+00
3.791188478469848633e+00 3.636388063430786133e+00
4.007277011871337891e+00 5.134304046630859375e+00
3.497997045516967773e+00 3.498940706253051758e+00
4.002925395965576172e+00 3.454692840576171875e+00
3.639596223831176758e+00 3.236572027206420898e+00
3.568136453628540039e+00 2.684563159942626953e+00
4.345404148101806641e+00 3.769551038742065430e+00
3.584472656250000000e+00 2.899974346160888672e+00
3.495227575302124023e+00 3.480283021926879883e+00
3.213356733322143555e+00 3.045757532119750977e+00
3.132378339767456055e+00 2.187086582183837891e+00
4.019035816192626953e+00 3.752026796340942383e+00
4.262993335723876953e+00 4.309803962707519531e+00
3.107893228530883789e+00 3.522878646850585938e+00
4.104885101318359375e+00 3.972242832183837891e+00
3.835134267807006836e+00 3.800244808197021484e+00
8.043148040771484375e+00 7.882728576660156250e+00
3.538948059082031250e+00 3.068195819854736328e+00
3.401218891143798828e+00 3.000000000000000000e+00
4.086394309997558594e+00 4.496209144592285156e+00
5.570691108703613281e+00 6.206908226013183594e+00
5.618997097015380859e+00 7.397940158843994141e+00
4.947852611541748047e+00 4.221848964691162109e+00
4.850691318511962891e+00 4.173925399780273438e+00
3.961375713348388672e+00 4.764471530914306641e+00
6.778401851654052734e+00 7.000000000000000000e+00
3.984330892562866211e+00 5.080922126770019531e+00
5.586086750030517578e+00 6.355561256408691406e+00
6.859393119812011719e+00 6.795879840850830078e+00
5.756601810455322266e+00 5.610834121704101562e+00
3.243575334548950195e+00 3.094204187393188477e+00
5.039564609527587891e+00 4.625251770019531250e+00
4.714760303497314453e+00 3.970616340637207031e+00
5.196491718292236328e+00 4.866461277008056641e+00
5.231369495391845703e+00 4.974694252014160156e+00
3.885793685913085938e+00 3.170053243637084961e+00
2.828607082366943359e+00 3.095825672149658203e+00
5.593755245208740234e+00 5.221848964691162109e+00
3.107893228530883789e+00 3.721246480941772461e+00
3.964898824691772461e+00 5.015022754669189453e+00
3.956715345382690430e+00 3.019542217254638672e+00
3.907424211502075195e+00 3.083546161651611328e+00
5.251918315887451172e+00 5.279734134674072266e+00
6.511213779449462891e+00 6.391258239746093750e+00
3.670688152313232422e+00 3.595166206359863281e+00
3.847925662994384766e+00 4.522878646850585938e+00
3.856831312179565430e+00 3.537601947784423828e+00
3.893212556838989258e+00 3.468521118164062500e+00
3.726768255233764648e+00 4.221848964691162109e+00
4.098297595977783203e+00 5.774690628051757812e+00
5.801432132720947266e+00 7.096909999847412109e+00
3.599651575088500977e+00 4.681188106536865234e+00
2.432081460952758789e+00 2.675040721893310547e+00
5.207796573638916016e+00 7.000000000000000000e+00
4.322898864746093750e+00 4.496209144592285156e+00
2.839382886886596680e+00 3.396855592727661133e+00
6.012845516204833984e+00 5.869666099548339844e+00
3.934506654739379883e+00 4.102373123168945312e+00
4.977626800537109375e+00 6.595166206359863281e+00
3.760383844375610352e+00 3.801342964172363281e+00
3.400411367416381836e+00 2.995678663253784180e+00
7.312049865722656250e+00 7.939301967620849609e+00
5.787059307098388672e+00 5.136677265167236328e+00
4.971117496490478516e+00 6.279014110565185547e+00
3.411576747894287109e+00 3.000000000000000000e+00
4.151040554046630859e+00 4.221848964691162109e+00
4.450030803680419922e+00 3.958607196807861328e+00
3.666590452194213867e+00 3.370590448379516602e+00
6.748747348785400391e+00 7.165859222412109375e+00
3.599651575088500977e+00 3.000000000000000000e+00
3.589819431304931641e+00 4.698969841003417969e+00
4.868373870849609375e+00 5.537601947784423828e+00
4.742519855499267578e+00 5.193819999694824219e+00
3.745234251022338867e+00 4.522878646850585938e+00
3.293169736862182617e+00 3.058488607406616211e+00
5.723837375640869141e+00 7.562249660491943359e+00
4.791558742523193359e+00 4.610834121704101562e+00
7.369874477386474609e+00 8.240332603454589844e+00
6.523152828216552734e+00 6.546681880950927734e+00
5.629674434661865234e+00 5.540607452392578125e+00
3.597123384475708008e+00 2.988860130310058594e+00
6.798831462860107422e+00 6.560667514801025391e+00
3.953077554702758789e+00 4.115771293640136719e+00
2.436849832534790039e+00 3.400116920471191406e+00
7.592973232269287109e+00 8.000000000000000000e+00
4.774208068847656250e+00 3.879426002502441406e+00
4.722674369812011719e+00 4.267606258392333984e+00
4.481446266174316406e+00 4.363512039184570312e+00
3.150236368179321289e+00 3.277366161346435547e+00
8.366802215576171875e+00 8.496443748474121094e+00
8.512359619140625000e+00 8.879426002502441406e+00
5.952146053314208984e+00 5.863279342651367188e+00
3.416609048843383789e+00 2.950782060623168945e+00
3.743952989578247070e+00 2.809406995773315430e+00
3.062053442001342773e+00 2.737548828125000000e+00
6.135107040405273438e+00 6.228412628173828125e+00
4.198034763336181641e+00 3.436518907546997070e+00
3.606533765792846680e+00 3.645891666412353516e+00
3.472196817398071289e+00 2.958607196807861328e+00
4.431898117065429688e+00 5.035269260406494141e+00
7.226665496826171875e+00 7.148130416870117188e+00
4.965723514556884766e+00 5.346787452697753906e+00
6.503414630889892578e+00 8.698969841003417969e+00
3.189949989318847656e+00 3.256490230560302734e+00
3.296745777130126953e+00 3.214670181274414062e+00
3.613578081130981445e+00 2.686132669448852539e+00
3.491059303283691406e+00 3.721246480941772461e+00
3.597051382064819336e+00 3.096909999847412109e+00
6.303880214691162109e+00 6.645891666412353516e+00
5.886948108673095703e+00 6.216929435729980469e+00
4.764174461364746094e+00 4.698969841003417969e+00
5.270483493804931641e+00 5.542118072509765625e+00
3.955065011978149414e+00 4.368556022644042969e+00
3.402209997177124023e+00 4.264400959014892578e+00
3.298597812652587891e+00 4.721246242523193359e+00
3.200761556625366211e+00 3.031984329223632812e+00
2.825229883193969727e+00 2.638272047042846680e+00
6.304285049438476562e+00 6.267606258392333984e+00
3.472354650497436523e+00 2.958607196807861328e+00
3.534193515777587891e+00 3.360513448715209961e+00
3.475032567977905273e+00 3.184422254562377930e+00
3.998262643814086914e+00 3.206209659576416016e+00
9.477247238159179688e+00 9.229825019836425781e+00
6.264111518859863281e+00 6.253253459930419922e+00
4.432304859161376953e+00 4.686132907867431641e+00
4.836765766143798828e+00 4.453457355499267578e+00
3.342597007751464844e+00 4.136677265167236328e+00
4.307780742645263672e+00 4.037157535552978516e+00
4.784888744354248047e+00 3.900008678436279297e+00
5.130522727966308594e+00 5.943095207214355469e+00
7.891754150390625000e+00 7.899974346160888672e+00
3.401024580001831055e+00 4.153662681579589844e+00
5.587712764739990234e+00 5.487905025482177734e+00
8.293677330017089844e+00 8.850780487060546875e+00
4.043891429901123047e+00 4.283996582031250000e+00
4.954708099365234375e+00 5.987162590026855469e+00
4.587790966033935547e+00 4.886056423187255859e+00
3.002662181854248047e+00 3.193819999694824219e+00
5.971455574035644531e+00 5.698969841003417969e+00
5.048783779144287109e+00 5.420216560363769531e+00
3.434581518173217773e+00 2.987162828445434570e+00
5.251918315887451172e+00 6.397940158843994141e+00
4.798365116119384766e+00 5.096909999847412109e+00
3.464648962020874023e+00 3.136677026748657227e+00
6.689942359924316406e+00 6.600153446197509766e+00
5.706525325775146484e+00 5.576754093170166016e+00
4.576524257659912109e+00 4.886056423187255859e+00
5.206016063690185547e+00 3.931814193725585938e+00
4.590384483337402344e+00 4.600326061248779297e+00
5.341268539428710938e+00 5.821821212768554688e+00
5.377928733825683594e+00 5.494850158691406250e+00
5.774292469024658203e+00 6.716698646545410156e+00
3.865534782409667969e+00 4.522878646850585938e+00
3.864722490310668945e+00 3.958607196807861328e+00
7.333738803863525391e+00 7.525783538818359375e+00
7.271522998809814453e+00 7.094203948974609375e+00
3.947950363159179688e+00 3.920818805694580078e+00
2.866520643234252930e+00 2.230622768402099609e+00
4.404695510864257812e+00 4.230622768402099609e+00
3.674842119216918945e+00 3.570247650146484375e+00
4.616719245910644531e+00 3.823908805847167969e+00
8.650428771972656250e+00 8.887183189392089844e+00
4.718781948089599609e+00 3.769551038742065430e+00
5.982967853546142578e+00 6.063109874725341797e+00
4.276154994964599609e+00 6.051098346710205078e+00
3.464972257614135742e+00 3.080921888351440430e+00
3.599651575088500977e+00 3.000000000000000000e+00
4.782566547393798828e+00 4.209714889526367188e+00
3.083695888519287109e+00 3.297569513320922852e+00
4.350765228271484375e+00 4.679853916168212891e+00
3.148502826690673828e+00 2.966576337814331055e+00
3.238651037216186523e+00 3.690369844436645508e+00
9.076185226440429688e+00 9.569675445556640625e+00
5.016020298004150391e+00 4.552842140197753906e+00
3.910005569458007812e+00 3.508638381958007812e+00
3.791188478469848633e+00 3.609064817428588867e+00
3.431365966796875000e+00 3.552841901779174805e+00
4.407958507537841797e+00 4.197910785675048828e+00
4.281620979309082031e+00 3.568636178970336914e+00
2.846701860427856445e+00 2.638272047042846680e+00
5.757359981536865234e+00 6.187086582183837891e+00
3.401218891143798828e+00 2.889410257339477539e+00
3.980531454086303711e+00 4.275723934173583984e+00
4.885350227355957031e+00 3.920818805694580078e+00
3.555393218994140625e+00 8.192973136901855469e+00
4.027930736541748047e+00 5.200659275054931641e+00
3.651019334793090820e+00 3.113509178161621094e+00
3.945413589477539062e+00 2.643561124801635742e+00
5.126357078552246094e+00 5.552842140197753906e+00
7.252661228179931641e+00 7.307153224945068359e+00
3.751482009887695312e+00 4.154901981353759766e+00
5.576642513275146484e+00 4.851039886474609375e+00
3.676923990249633789e+00 3.180456161499023438e+00
4.778390407562255859e+00 3.847711563110351562e+00
3.568136453628540039e+00 3.798654794692993164e+00
4.776313781738281250e+00 4.423855781555175781e+00
8.300614356994628906e+00 9.950781822204589844e+00
4.413972377777099609e+00 4.009217262268066406e+00
3.948974847793579102e+00 3.536107063293457031e+00
3.378881216049194336e+00 2.844663858413696289e+00
2.544569015502929688e+00 2.259637355804443359e+00
2.722678661346435547e+00 3.200659513473510742e+00
6.606958866119384766e+00 6.256353378295898438e+00
3.229156017303466797e+00 3.045757532119750977e+00
4.544561862945556641e+00 4.737548828125000000e+00
6.061721324920654297e+00 7.207608222961425781e+00
2.873655080795288086e+00 3.027797222137451172e+00
6.855320453643798828e+00 7.387216091156005859e+00
4.552180767059326172e+00 4.599980354309082031e+00
7.602698802947998047e+00 6.708504199981689453e+00
4.403729915618896484e+00 3.259637355804443359e+00
8.181937217712402344e+00 8.698969841003417969e+00
5.932829380035400391e+00 6.623423099517822266e+00
4.074682712554931641e+00 4.424234867095947266e+00
9.620679855346679688e+00 9.406747817993164062e+00
4.781913757324218750e+00 4.371611118316650391e+00
4.578404903411865234e+00 4.494850158691406250e+00
5.522026538848876953e+00 6.333346843719482422e+00
5.570691108703613281e+00 5.376750946044921875e+00
3.957954883575439453e+00 3.845800161361694336e+00
3.901180505752563477e+00 4.126174449920654297e+00
3.854954004287719727e+00 4.301030158996582031e+00
3.058872938156127930e+00 2.886056661605834961e+00
3.915034055709838867e+00 3.000000000000000000e+00
2.400745630264282227e+00 2.099086999893188477e+00
3.008860111236572266e+00 2.638272047042846680e+00
7.396503925323486328e+00 8.500312805175781250e+00
3.290394544601440430e+00 2.795880079269409180e+00
3.402584791183471680e+00 3.209011554718017578e+00
4.810268878936767578e+00 5.086338520050048828e+00
3.819984436035156250e+00 3.172915697097778320e+00
4.723159790039062500e+00 3.756962060928344727e+00
3.906851291656494141e+00 4.080922126770019531e+00
3.818563699722290039e+00 3.280006170272827148e+00
6.012382984161376953e+00 6.356547355651855469e+00
3.568136453628540039e+00 2.494849920272827148e+00
7.452092170715332031e+00 9.447331428527832031e+00
6.746140003204345703e+00 7.498940944671630859e+00
3.516585588455200195e+00 3.193819999694824219e+00
6.459931850433349609e+00 7.000000000000000000e+00
4.574371814727783203e+00 7.070580959320068359e+00
4.663508892059326172e+00 3.407823324203491211e+00
7.344553470611572266e+00 8.040004730224609375e+00
6.232785224914550781e+00 6.301030158996582031e+00
5.462366580963134766e+00 4.229023456573486328e+00
5.546529293060302734e+00 5.675717353820800781e+00
8.319233894348144531e+00 8.899629592895507812e+00
3.523993253707885742e+00 3.000000000000000000e+00
3.286613225936889648e+00 3.154901981353759766e+00
3.656371355056762695e+00 3.949539184570312500e+00
5.759215354919433594e+00 6.841637611389160156e+00
3.740545272827148438e+00 2.823908805847167969e+00
4.421186447143554688e+00 3.725842237472534180e+00
3.274487733840942383e+00 3.355561494827270508e+00
3.626805067062377930e+00 3.677780628204345703e+00
4.984777450561523438e+00 7.029188156127929688e+00
7.823905467987060547e+00 7.953862190246582031e+00
3.617757558822631836e+00 4.229147911071777344e+00
2.455899000167846680e+00 2.065501451492309570e+00
4.884934902191162109e+00 4.632644176483154297e+00
3.507497072219848633e+00 3.637044191360473633e+00
5.081540584564208984e+00 4.525783538818359375e+00
3.945336818695068359e+00 4.522878646850585938e+00
3.568136453628540039e+00 1.769551038742065430e+00
4.484342098236083984e+00 5.240332126617431641e+00
5.608543872833251953e+00 5.724227905273437500e+00
6.473377227783203125e+00 4.698969841003417969e+00
6.530162811279296875e+00 6.638272285461425781e+00
7.503560543060302734e+00 8.457685470581054688e+00
3.965192317962646484e+00 4.883955001831054688e+00
6.329279422760009766e+00 7.251811981201171875e+00
8.584196090698242188e+00 8.958607673645019531e+00
5.404636383056640625e+00 5.141178131103515625e+00
3.763895273208618164e+00 3.494849920272827148e+00
3.443502902984619141e+00 3.823908805847167969e+00
5.684442043304443359e+00 6.476253509521484375e+00
5.103184223175048828e+00 6.122628688812255859e+00
3.843995809555053711e+00 4.096909999847412109e+00
3.505024194717407227e+00 4.110026359558105469e+00
4.503660678863525391e+00 5.792359828948974609e+00
5.091811180114746094e+00 4.200039386749267578e+00
5.655391216278076172e+00 8.182517051696777344e+00
5.656935691833496094e+00 5.056641578674316406e+00
4.664311885833740234e+00 4.417936801910400391e+00
7.126751422882080078e+00 7.695350646972656250e+00
4.339288234710693359e+00 4.408935546875000000e+00
3.177391052246093750e+00 3.303643703460693359e+00
5.906873226165771484e+00 4.522791862487792969e+00
9.393413543701171875e+00 9.698969841003417969e+00
6.672048091888427734e+00 5.267606258392333984e+00
4.427188396453857422e+00 4.154901981353759766e+00
7.877024173736572266e+00 7.552842140197753906e+00
6.489764213562011719e+00 7.085128307342529297e+00
5.333571910858154297e+00 5.718966484069824219e+00
5.969496250152587891e+00 5.685784339904785156e+00
3.621180295944213867e+00 2.795880079269409180e+00
3.707813978195190430e+00 3.439943552017211914e+00
4.029577255249023438e+00 4.102373123168945312e+00
3.448954820632934570e+00 3.240332126617431641e+00
2.573579072952270508e+00 2.737393617630004883e+00
3.225368261337280273e+00 3.455931901931762695e+00
5.870923519134521484e+00 5.974694252014160156e+00
7.629105091094970703e+00 8.136676788330078125e+00
