3.554186820983886719e+00 3.439943552017211914e+00
5.163447856903076172e+00 5.853871822357177734e+00
3.744474649429321289e+00 3.236572027206420898e+00
3.902802705764770508e+00 3.536107063293457031e+00
4.530454635620117188e+00 4.435333728790283203e+00
2.904964685440063477e+00 2.995678663253784180e+00
4.613895893096923828e+00 3.847711563110351562e+00
3.351526021957397461e+00 3.172915697097778320e+00
4.207603454589843750e+00 3.920818805694580078e+00
5.221851825714111328e+00 4.229023456573486328e+00
4.396633625030517578e+00 4.230622768402099609e+00
4.652473926544189453e+00 4.886056423187255859e+00
4.003335952758789062e+00 4.903090000152587891e+00
8.288375854492187500e+00 8.089909553527832031e+00
4.595060348510742188e+00 4.619788646697998047e+00
7.028873920440673828e+00 7.004803657531738281e+00
4.222423076629638672e+00 3.619788646697998047e+00
7.514009475708007812e+00 7.498940944671630859e+00
4.466410160064697266e+00 4.209714889526367188e+00
2.927790403366088867e+00 3.132532596588134766e+00
5.510043621063232422e+00 6.011887073516845703e+00
6.500542163848876953e+00 6.256353378295898438e+00
3.363274574279785156e+00 4.431798458099365234e+00
3.679720878601074219e+00 3.180456161499023438e+00
4.315764904022216797e+00 4.496209144592285156e+00
3.663481950759887695e+00 4.681188106536865234e+00
3.693665027618408203e+00 3.795880079269409180e+00
5.426502704620361328e+00 6.716698646545410156e+00
3.327882051467895508e+00 4.522878646850585938e+00
4.864699840545654297e+00 3.972242832183837891e+00
5.582210063934326172e+00 5.540607452392578125e+00
8.997758865356445312e+00 9.950781822204589844e+00
7.588889122009277344e+00 7.159893989562988281e+00
7.575395584106445312e+00 7.050610065460205078e+00
3.057079076766967773e+00 3.045275211334228516e+00
4.577959060668945312e+00 4.283996582031250000e+00
4.232532978057861328e+00 4.625251770019531250e+00
5.880397319793701172e+00 5.698969841003417969e+00
3.288699865341186523e+00 3.136677026748657227e+00
4.312372207641601562e+00 4.679853916168212891e+00
6.886432170867919922e+00 6.267606258392333984e+00
4.885849475860595703e+00 3.958607196807861328e+00
4.697165966033935547e+00 3.769551038742065430e+00
3.618438482284545898e+00 3.455931901931762695e+00
3.396972417831420898e+00 2.686132669448852539e+00
8.253551483154296875e+00 9.447331428527832031e+00
4.747952938079833984e+00 6.355561256408691406e+00
4.536172389984130859e+00 5.552842140197753906e+00
3.262322425842285156e+00 4.110026359558105469e+00
7.562716960906982422e+00 7.387216091156005859e+00
3.568386793136596680e+00 4.452225208282470703e+00
5.674816608428955078e+00 5.792359828948974609e+00
6.380042552947998047e+00 6.600153446197509766e+00
3.283222436904907227e+00 3.055517435073852539e+00
3.633302688598632812e+00 1.769551038742065430e+00
2.719488382339477539e+00 2.397939920425415039e+00
4.904236793518066406e+00 5.096909999847412109e+00
5.212103366851806641e+00 5.141178131103515625e+00
3.217182397842407227e+00 3.095825672149658203e+00
4.610542297363281250e+00 4.525783538818359375e+00
4.448587894439697266e+00 3.931814193725585938e+00
9.329910278320312500e+00 9.698969841003417969e+00
4.667127132415771484e+00 5.015022754669189453e+00
4.336577415466308594e+00 4.102373123168945312e+00
5.503822803497314453e+00 4.958607196807861328e+00
3.399118423461914062e+00 3.645891666412353516e+00
2.707552194595336914e+00 2.259637355804443359e+00
4.620686054229736328e+00 4.423855781555175781e+00
6.240979671478271484e+00 6.595166206359863281e+00
7.692791461944580078e+00 7.525783538818359375e+00
5.666604042053222656e+00 5.943095207214355469e+00
4.959799289703369141e+00 4.632644176483154297e+00
5.756981372833251953e+00 6.000000000000000000e+00
3.827776908874511719e+00 3.637044191360473633e+00
6.703655719757080078e+00 6.823908805847167969e+00
7.349315166473388672e+00 7.695350646972656250e+00
3.676152944564819336e+00 3.050610065460205078e+00
6.372474670410156250e+00 5.869666099548339844e+00
2.929518938064575195e+00 3.396855592727661133e+00
4.048151016235351562e+00 4.080922126770019531e+00
3.869594573974609375e+00 3.184422254562377930e+00
8.069765090942382812e+00 8.500312805175781250e+00
3.078258037567138672e+00 3.355561494827270508e+00
8.740253448486328125e+00 9.000000000000000000e+00
4.637597560882568359e+00 4.599980354309082031e+00
5.505548477172851562e+00 6.206908226013183594e+00
2.665252447128295898e+00 2.065501451492309570e+00
3.826016664505004883e+00 3.206209659576416016e+00
5.949123859405517578e+00 7.397940158843994141e+00
4.569945812225341797e+00 4.892789840698242188e+00
4.633940696716308594e+00 6.000000000000000000e+00
4.446090221405029297e+00 4.197910785675048828e+00
6.336295604705810547e+00 7.207608222961425781e+00
7.140568256378173828e+00 6.253253459930419922e+00
3.468167066574096680e+00 3.958607196807861328e+00
4.322192192077636719e+00 4.037157535552978516e+00
5.871776580810546875e+00 5.675717353820800781e+00
4.409718990325927734e+00 3.725842237472534180e+00
6.613870143890380859e+00 6.928118228912353516e+00
8.093581199645996094e+00 8.457685470581054688e+00
3.872734785079956055e+00 2.809406995773315430e+00
7.585579395294189453e+00 7.047042846679687500e+00
4.614542484283447266e+00 4.764471530914306641e+00
4.661748409271240234e+00 4.886056423187255859e+00
8.160496711730957031e+00 7.953862190246582031e+00
5.706647396087646484e+00 6.187086582183837891e+00
3.684971809387207031e+00 4.698969841003417969e+00
5.118221282958984375e+00 7.070580959320068359e+00
2.779886722564697266e+00 2.737393617630004883e+00
4.461737632751464844e+00 3.280006170272827148e+00
6.926704883575439453e+00 7.000000000000000000e+00
4.492970943450927734e+00 4.232102394104003906e+00
4.377543926239013672e+00 4.600326061248779297e+00
2.776854991912841797e+00 2.306661367416381836e+00
4.673855304718017578e+00 5.134304046630859375e+00
3.324332237243652344e+00 3.360513448715209961e+00
4.712304592132568359e+00 4.414539337158203125e+00
6.263256549835205078e+00 7.029188156127929688e+00
4.569318771362304688e+00 5.537601947784423828e+00
4.219566822052001953e+00 4.187086582183837891e+00
2.950423479080200195e+00 4.153662681579589844e+00
3.105694055557250977e+00 3.282329559326171875e+00
6.645656585693359375e+00 6.216929435729980469e+00
4.751157283782958984e+00 5.035269260406494141e+00
5.370207309722900391e+00 6.249491691589355469e+00
4.514594078063964844e+00 4.610834121704101562e+00
3.659425497055053711e+00 2.991399765014648438e+00
3.720758199691772461e+00 2.795880079269409180e+00
6.483932971954345703e+00 7.301030158996582031e+00
2.753118753433227539e+00 3.267606258392333984e+00
4.505166053771972656e+00 3.769551038742065430e+00
3.281526088714599609e+00 3.552841901779174805e+00
5.028688907623291016e+00 6.397940158843994141e+00
2.714673757553100586e+00 3.277366161346435547e+00
4.146442890167236328e+00 4.614393711090087891e+00
5.965497016906738281e+00 4.851039886474609375e+00
4.163558959960937500e+00 3.568636178970336914e+00
3.925294637680053711e+00 3.436518907546997070e+00
3.794161558151245117e+00 3.677780628204345703e+00
5.447139263153076172e+00 5.056641578674316406e+00
6.221370220184326172e+00 8.182517051696777344e+00
5.981010913848876953e+00 6.000000000000000000e+00
3.484519481658935547e+00 3.200659513473510742e+00
3.770196199417114258e+00 4.221848964691162109e+00
2.648812294006347656e+00 3.277366161346435547e+00
3.613192319869995117e+00 3.045757532119750977e+00
4.179878711700439453e+00 4.116906642913818359e+00
4.089594364166259766e+00 3.508638381958007812e+00
6.115414142608642578e+00 6.063109874725341797e+00
5.454511165618896484e+00 6.071333885192871094e+00
3.422649860382080078e+00 3.690369844436645508e+00
3.388921976089477539e+00 2.643561124801635742e+00
3.033771753311157227e+00 2.966576337814331055e+00
5.629154682159423828e+00 6.000000000000000000e+00
3.781252861022949219e+00 3.949539184570312500e+00
4.857051372528076172e+00 5.240332126617431641e+00
3.413073778152465820e+00 3.609064817428588867e+00
4.397480964660644531e+00 4.009217262268066406e+00
2.778561830520629883e+00 3.303643703460693359e+00
5.929275989532470703e+00 5.974694252014160156e+00
3.422050237655639648e+00 3.214670181274414062e+00
3.004908084869384766e+00 3.240332126617431641e+00
3.298357963562011719e+00 3.288192749023437500e+00
6.483932971954345703e+00 6.391258239746093750e+00
3.961010694503784180e+00 3.958607196807861328e+00
6.902195453643798828e+00 7.165859222412109375e+00
6.860507488250732422e+00 6.560667514801025391e+00
5.819336891174316406e+00 4.698969841003417969e+00
4.708319187164306641e+00 3.920818805694580078e+00
4.876536846160888672e+00 4.453457355499267578e+00
4.934366703033447266e+00 7.000000000000000000e+00
8.675431251525878906e+00 8.879426002502441406e+00
5.741364002227783203e+00 6.122628688812255859e+00
3.931957721710205078e+00 3.193819999694824219e+00
3.119152307510375977e+00 3.080921888351440430e+00
3.832432508468627930e+00 4.883955001831054688e+00
8.729200363159179688e+00 8.698969841003417969e+00
4.702994823455810547e+00 3.970616340637207031e+00
7.914076328277587891e+00 7.939301967620849609e+00
3.695739746093750000e+00 4.301030158996582031e+00
5.823742389678955078e+00 6.187086582183837891e+00
5.362380027770996094e+00 4.148741722106933594e+00
3.954816102981567383e+00 3.468521118164062500e+00
3.502805948257446289e+00 3.136677026748657227e+00
3.663481950759887695e+00 3.000000000000000000e+00
3.013500452041625977e+00 2.737548828125000000e+00
4.498203754425048828e+00 4.203425884246826172e+00
7.957248210906982422e+00 8.040004730224609375e+00
3.727013349533081055e+00 3.407823324203491211e+00
3.534265756607055664e+00 4.154901981353759766e+00
6.327848911285400391e+00 6.301030158996582031e+00
6.757318973541259766e+00 6.708504199981689453e+00
3.064969778060913086e+00 3.094204187393188477e+00
5.389773845672607422e+00 5.576754093170166016e+00
3.070264101028442383e+00 3.063486337661743164e+00
9.220218658447265625e+00 9.406747817993164062e+00
3.322827577590942383e+00 3.068195819854736328e+00
4.248489856719970703e+00 3.800244808197021484e+00
4.549507617950439453e+00 5.080922126770019531e+00
3.783110857009887695e+00 3.823908805847167969e+00
3.663481950759887695e+00 3.000000000000000000e+00
8.633525848388671875e+00 8.887183189392089844e+00
5.362007617950439453e+00 5.221848964691162109e+00
3.615637540817260742e+00 4.229147911071777344e+00
3.380279541015625000e+00 4.958607196807861328e+00
4.940988540649414062e+00 4.721246242523193359e+00
3.500386476516723633e+00 4.737548828125000000e+00
5.564238071441650391e+00 5.346787452697753906e+00
5.105080127716064453e+00 5.542118072509765625e+00
3.865670919418334961e+00 2.958607196807861328e+00
3.523650407791137695e+00 3.443697452545166016e+00
3.092586755752563477e+00 3.454692840576171875e+00
5.418944835662841797e+00 6.939301967620849609e+00
3.857836961746215820e+00 3.464705944061279297e+00
5.544169902801513672e+00 6.000000000000000000e+00
4.332939147949218750e+00 3.000000000000000000e+00
3.365314006805419922e+00 3.083546161651611328e+00
4.193682193756103516e+00 4.154901981353759766e+00
3.399289369583129883e+00 4.221848964691162109e+00
6.218665599822998047e+00 6.279014110565185547e+00
3.453432798385620117e+00 3.795880079269409180e+00
4.395011425018310547e+00 4.448550224304199219e+00
3.648196935653686523e+00 3.113509178161621094e+00
5.279638767242431641e+00 4.974694252014160156e+00
3.520582199096679688e+00 3.671221494674682617e+00
6.317467212677001953e+00 6.823908805847167969e+00
8.013643264770507812e+00 8.240332603454589844e+00
4.114597320556640625e+00 3.049976110458374023e+00
3.187360048294067383e+00 2.950782060623168945e+00
2.761959314346313477e+00 3.654909372329711914e+00
3.522638797760009766e+00 4.264400959014892578e+00
3.595251560211181641e+00 3.096909999847412109e+00
3.413073778152465820e+00 3.636388063430786133e+00
4.631311893463134766e+00 4.417936801910400391e+00
3.672513723373413086e+00 4.126174449920654297e+00
3.117674827575683594e+00 3.370590448379516602e+00
4.795773983001708984e+00 5.567030906677246094e+00
3.816900968551635742e+00 3.019542217254638672e+00
7.168860435485839844e+00 7.094203948974609375e+00
6.964115619659423828e+00 7.562249660491943359e+00
3.633302688598632812e+00 2.684563159942626953e+00
5.225527763366699219e+00 5.971412658691406250e+00
4.480055332183837891e+00 4.787812232971191406e+00
6.248468875885009766e+00 6.356547355651855469e+00
5.017616748809814453e+00 6.051098346710205078e+00
3.865813016891479492e+00 2.958607196807861328e+00
3.785301446914672852e+00 3.027797222137451172e+00
3.046653270721435547e+00 3.031984329223632812e+00
7.480928897857666016e+00 7.882728576660156250e+00
8.623826026916503906e+00 8.496443748474121094e+00
3.697019338607788086e+00 3.585026741027832031e+00
6.138091564178466797e+00 6.841637611389160156e+00
3.254508972167968750e+00 3.522878646850585938e+00
4.319042682647705078e+00 4.496209144592285156e+00
3.942294836044311523e+00 3.752026796340942383e+00
5.991922855377197266e+00 6.508638381958007812e+00
7.146673679351806641e+00 7.000000000000000000e+00
5.876824855804443359e+00 5.821821212768554688e+00
5.316759586334228516e+00 5.136677265167236328e+00
9.319031715393066406e+00 8.899629592895507812e+00
2.143324613571166992e+00 2.099086999893188477e+00
3.277502298355102539e+00 3.756962060928344727e+00
5.771939277648925781e+00 5.718966484069824219e+00
5.991684913635253906e+00 5.267606258392333984e+00
7.029936313629150391e+00 8.000000000000000000e+00
4.663154125213623047e+00 4.173925399780273438e+00
4.419195175170898438e+00 4.309803962707519531e+00
3.153006315231323242e+00 3.000000000000000000e+00
4.627420902252197266e+00 3.879426002502441406e+00
2.288460493087768555e+00 1.853871941566467285e+00
3.635619640350341797e+00 8.192973136901855469e+00
3.079907655715942383e+00 3.413412809371948242e+00
4.435593128204345703e+00 4.275723934173583984e+00
4.614283561706542969e+00 5.420216560363769531e+00
3.254508972167968750e+00 3.721246480941772461e+00
5.799429893493652344e+00 5.863279342651367188e+00
3.555886030197143555e+00 4.522878646850585938e+00
2.858727931976318359e+00 3.209011554718017578e+00
6.038313865661621094e+00 5.610834121704101562e+00
8.273410797119140625e+00 8.060481071472167969e+00
4.316012382507324219e+00 3.000000000000000000e+00
3.176771402359008789e+00 3.920818805694580078e+00
3.198151350021362305e+00 4.721246242523193359e+00
5.028688907623291016e+00 5.279734134674072266e+00
7.426369667053222656e+00 7.552842140197753906e+00
3.987118244171142578e+00 5.000000000000000000e+00
3.628589868545532227e+00 4.096909999847412109e+00
3.362276315689086914e+00 2.801342964172363281e+00
7.299494266510009766e+00 6.795879840850830078e+00
3.885967969894409180e+00 2.823908805847167969e+00
4.472651958465576172e+00 4.200039386749267578e+00
3.635204792022705078e+00 3.823908805847167969e+00
3.475281238555908203e+00 3.801342964172363281e+00
5.202003955841064453e+00 4.584121704101562500e+00
6.899417877197265625e+00 7.307153224945068359e+00
6.597759246826171875e+00 7.494850158691406250e+00
4.690838813781738281e+00 5.774690628051757812e+00
3.075868844985961914e+00 2.187086582183837891e+00
3.430559158325195312e+00 3.845800161361694336e+00
5.468918323516845703e+00 5.494850158691406250e+00
3.215376138687133789e+00 3.297569513320922852e+00
3.437802314758300781e+00 3.595166206359863281e+00
6.072363376617431641e+00 7.085128307342529297e+00
3.038904666900634766e+00 2.703334808349609375e+00
4.439389228820800781e+00 5.086338520050048828e+00
4.049795150756835938e+00 4.408935546875000000e+00
4.573094844818115234e+00 3.900008678436279297e+00
3.431944131851196289e+00 3.154901981353759766e+00
9.074473381042480469e+00 9.229825019836425781e+00
2.998598337173461914e+00 3.193819999694824219e+00
6.702383518218994141e+00 6.228412628173828125e+00
4.817159175872802734e+00 4.496209144592285156e+00
5.842231273651123047e+00 6.333346843719482422e+00
4.479498386383056641e+00 4.079876899719238281e+00
5.850289821624755859e+00 6.623423099517822266e+00
4.632697582244873047e+00 4.115771293640136719e+00
4.710143566131591797e+00 4.522791862487792969e+00
7.875767707824707031e+00 8.136676788330078125e+00
5.333947658538818359e+00 5.357535362243652344e+00
3.566827297210693359e+00 2.886056661605834961e+00
3.319505453109741211e+00 3.256490230560302734e+00
3.545937776565551758e+00 3.494849920272827148e+00
3.687914848327636719e+00 3.346787452697753906e+00
5.971828937530517578e+00 6.546681880950927734e+00
2.917801856994628906e+00 2.638272047042846680e+00
3.698640108108520508e+00 2.988860130310058594e+00
2.965076923370361328e+00 2.638272047042846680e+00
6.593626499176025391e+00 6.638272285461425781e+00
4.809593677520751953e+00 4.424234867095947266e+00
4.654750347137451172e+00 4.368556022644042969e+00
3.453432798385620117e+00 3.480283021926879883e+00
2.310843229293823242e+00 1.602059960365295410e+00
3.827203512191772461e+00 3.832682609558105469e+00
3.113822698593139648e+00 3.570247650146484375e+00
4.859090805053710938e+00 4.698969841003417969e+00
7.047791957855224609e+00 7.148130416870117188e+00
3.633302688598632812e+00 3.798654794692993164e+00
5.813335418701171875e+00 5.987162590026855469e+00
4.029919624328613281e+00 5.200659275054931641e+00
5.871776580810546875e+00 5.795879840850830078e+00
2.881943941116333008e+00 2.889410257339477539e+00
3.632334947586059570e+00 3.400116920471191406e+00
4.750896930694580078e+00 4.443697452545166016e+00
4.216202259063720703e+00 3.721246480941772461e+00
4.772128582000732422e+00 4.552842140197753906e+00
2.881943941116333008e+00 3.000000000000000000e+00
4.548033237457275391e+00 4.211124897003173828e+00
5.009957313537597656e+00 6.476253509521484375e+00
6.456643104553222656e+00 6.602059841156005859e+00
9.064912796020507812e+00 8.958607673645019531e+00
9.193423271179199219e+00 9.300162315368652344e+00
6.279552936553955078e+00 6.221848964691162109e+00
8.502640724182128906e+00 8.698969841003417969e+00
6.801622867584228516e+00 6.645891666412353516e+00
5.436911106109619141e+00 7.096909999847412109e+00
2.761907577514648438e+00 2.675040721893310547e+00
3.026121377944946289e+00 2.823908805847167969e+00
3.755271434783935547e+00 4.522878646850585938e+00
