3.470886468887329102e+00 3.055517435073852539e+00
6.182377338409423828e+00 6.249491691589355469e+00
4.250766277313232422e+00 3.752026796340942383e+00
3.517807960510253906e+00 3.795880079269409180e+00
3.729996204376220703e+00 3.209011554718017578e+00
4.896615028381347656e+00 6.051098346710205078e+00
4.618175506591796875e+00 5.718966484069824219e+00
4.559154987335205078e+00 4.698969841003417969e+00
2.896889686584472656e+00 3.267606258392333984e+00
4.393938064575195312e+00 6.011887073516845703e+00
5.031197071075439453e+00 5.675717353820800781e+00
3.167744159698486328e+00 3.360513448715209961e+00
3.377930879592895508e+00 3.045757532119750977e+00
3.749676227569580078e+00 3.436518907546997070e+00
4.129746913909912109e+00 3.637044191360473633e+00
3.755577087402343750e+00 3.136677026748657227e+00
7.429206371307373047e+00 7.307153224945068359e+00
5.081680297851562500e+00 5.853871822357177734e+00
5.031197071075439453e+00 5.795879840850830078e+00
7.352459430694580078e+00 5.487905025482177734e+00
7.594745635986328125e+00 6.638272285461425781e+00
3.592585802078247070e+00 4.102373123168945312e+00
7.050496101379394531e+00 6.508638381958007812e+00
2.644515275955200195e+00 2.065501451492309570e+00
3.613878726959228516e+00 3.798654794692993164e+00
4.374989509582519531e+00 3.879426002502441406e+00
5.254652976989746094e+00 5.357535362243652344e+00
3.916958093643188477e+00 4.275723934173583984e+00
5.096821784973144531e+00 5.193819999694824219e+00
4.360241413116455078e+00 4.614393711090087891e+00
3.770871162414550781e+00 4.116906642913818359e+00
3.537231445312500000e+00 3.721246480941772461e+00
6.889394760131835938e+00 8.136676788330078125e+00
8.575889587402343750e+00 8.040004730224609375e+00
4.368611812591552734e+00 4.787812232971191406e+00
5.951523303985595703e+00 7.070580959320068359e+00
7.424951076507568359e+00 7.251811981201171875e+00
3.395430326461791992e+00 3.050610065460205078e+00
4.006938934326171875e+00 5.015022754669189453e+00
2.474425554275512695e+00 1.602059960365295410e+00
3.563386201858520508e+00 3.920818805694580078e+00
6.885504245758056641e+00 7.000000000000000000e+00
6.373931884765625000e+00 8.000000000000000000e+00
3.448518991470336914e+00 3.297569513320922852e+00
2.914791584014892578e+00 2.737393617630004883e+00
3.635023355484008789e+00 2.899974346160888672e+00
3.972553491592407227e+00 3.259637355804443359e+00
6.441477775573730469e+00 7.148130416870117188e+00
3.906251907348632812e+00 4.301030158996582031e+00
7.290757179260253906e+00 7.004803657531738281e+00
4.456222057342529297e+00 6.355561256408691406e+00
4.013449192047119141e+00 4.431798458099365234e+00
8.607940673828125000e+00 8.240332603454589844e+00
3.676201343536376953e+00 3.000000000000000000e+00
6.382957935333251953e+00 7.029188156127929688e+00
4.322710514068603516e+00 4.408935546875000000e+00
3.199208736419677734e+00 2.686132669448852539e+00
2.869782924652099609e+00 3.347419023513793945e+00
5.969270229339599609e+00 5.974694252014160156e+00
3.750035524368286133e+00 4.153662681579589844e+00
4.991639614105224609e+00 5.096909999847412109e+00
3.119146585464477539e+00 3.124175786972045898e+00
4.654555797576904297e+00 4.892789840698242188e+00
4.963485240936279297e+00 4.866461277008056641e+00
4.821685314178466797e+00 5.567030906677246094e+00
8.897475242614746094e+00 8.850780487060546875e+00
9.380643844604492188e+00 8.457685470581054688e+00
4.099671840667724609e+00 4.494850158691406250e+00
3.962990283966064453e+00 4.200039386749267578e+00
3.295884132385253906e+00 3.494849920272827148e+00
3.782921791076660156e+00 3.280006170272827148e+00
3.145586967468261719e+00 3.080921888351440430e+00
3.506085872650146484e+00 2.795880079269409180e+00
4.011808395385742188e+00 3.464705944061279297e+00
3.511144161224365234e+00 3.240332126617431641e+00
4.025520801544189453e+00 4.737548828125000000e+00
3.500162839889526367e+00 3.346787452697753906e+00
3.520647525787353516e+00 3.570247650146484375e+00
4.134844303131103516e+00 3.407823324203491211e+00
3.977966785430908203e+00 4.417936801910400391e+00
6.698301792144775391e+00 6.823908805847167969e+00
3.894021749496459961e+00 4.154901981353759766e+00
8.913721084594726562e+00 9.950781822204589844e+00
3.494136333465576172e+00 2.801342964172363281e+00
5.089422225952148438e+00 4.599980354309082031e+00
2.290531635284423828e+00 2.259637355804443359e+00
3.383855342864990234e+00 3.455931901931762695e+00
7.433976650238037109e+00 7.552842140197753906e+00
2.909617662429809570e+00 3.654909372329711914e+00
7.664590358734130859e+00 6.256353378295898438e+00
5.135915279388427734e+00 4.958607196807861328e+00
3.579421997070312500e+00 3.413412809371948242e+00
4.098750591278076172e+00 3.823908805847167969e+00
4.203989982604980469e+00 5.086338520050048828e+00
4.295188903808593750e+00 4.037157535552978516e+00
3.190518856048583984e+00 3.355561494827270508e+00
5.577483654022216797e+00 6.645891666412353516e+00
6.718283176422119141e+00 7.525783538818359375e+00
8.639692306518554688e+00 8.500312805175781250e+00
8.162503242492675781e+00 9.000000000000000000e+00
3.635097980499267578e+00 2.958607196807861328e+00
3.531333684921264648e+00 4.229147911071777344e+00
2.673093557357788086e+00 2.187086582183837891e+00
4.442247390747070312e+00 6.476253509521484375e+00
3.580062389373779297e+00 3.214670181274414062e+00
3.884135961532592773e+00 3.439943552017211914e+00
4.049691200256347656e+00 3.083546161651611328e+00
5.041615486145019531e+00 5.987162590026855469e+00
2.301738262176513672e+00 2.397939920425415039e+00
3.730213642120361328e+00 3.522878646850585938e+00
3.331070423126220703e+00 3.000000000000000000e+00
3.507291078567504883e+00 4.903090000152587891e+00
4.873099327087402344e+00 4.154901981353759766e+00
5.695276737213134766e+00 5.724227905273437500e+00
6.508770465850830078e+00 6.708504199981689453e+00
4.041847705841064453e+00 2.643561124801635742e+00
3.437297344207763672e+00 2.886056661605834961e+00
8.768653869628906250e+00 9.406747817993164062e+00
3.875046730041503906e+00 3.019542217254638672e+00
4.072232723236083984e+00 4.619788646697998047e+00
7.211279392242431641e+00 7.207608222961425781e+00
3.295399188995361328e+00 3.549750804901123047e+00
3.741003513336181641e+00 2.995678663253784180e+00
5.709630489349365234e+00 4.698969841003417969e+00
5.358147144317626953e+00 6.000000000000000000e+00
3.655024051666259766e+00 4.424234867095947266e+00
4.050192832946777344e+00 2.823908805847167969e+00
6.377337932586669922e+00 8.182517051696777344e+00
3.442532539367675781e+00 2.988860130310058594e+00
9.723454475402832031e+00 9.698969841003417969e+00
6.682675838470458984e+00 7.050610065460205078e+00
5.581264972686767578e+00 5.943095207214355469e+00
4.117249011993408203e+00 4.371611118316650391e+00
4.619560241699218750e+00 5.056641578674316406e+00
4.759310245513916016e+00 4.173925399780273438e+00
3.735524654388427734e+00 2.889410257339477539e+00
6.616072654724121094e+00 6.928118228912353516e+00
3.384059429168701172e+00 3.095825672149658203e+00
3.266452789306640625e+00 3.277366161346435547e+00
7.496104717254638672e+00 7.494850158691406250e+00
3.672976493835449219e+00 3.096909999847412109e+00
2.672811508178710938e+00 2.638272047042846680e+00
4.513653755187988281e+00 4.600326061248779297e+00
3.155788898468017578e+00 3.094204187393188477e+00
6.019830703735351562e+00 6.187086582183837891e+00
4.491500377655029297e+00 3.970616340637207031e+00
4.360672950744628906e+00 4.496209144592285156e+00
6.066101551055908203e+00 5.698969841003417969e+00
3.627819538116455078e+00 3.677780628204345703e+00
3.254522323608398438e+00 3.277366161346435547e+00
4.545343875885009766e+00 3.769551038742065430e+00
5.341870784759521484e+00 5.346787452697753906e+00
8.143339157104492188e+00 7.882728576660156250e+00
5.023707866668701172e+00 6.071333885192871094e+00
4.026093959808349609e+00 3.900008678436279297e+00
4.029885768890380859e+00 4.958607196807861328e+00
3.968817710876464844e+00 4.443697452545166016e+00
3.628031253814697266e+00 4.136677265167236328e+00
3.411113977432250977e+00 3.027797222137451172e+00
4.646280765533447266e+00 4.211124897003173828e+00
4.468383312225341797e+00 5.537601947784423828e+00
5.672770023345947266e+00 5.420216560363769531e+00
5.785795688629150391e+00 6.000000000000000000e+00
9.300188064575195312e+00 8.879426002502441406e+00
3.452623605728149414e+00 2.795880079269409180e+00
4.245319366455078125e+00 3.619788646697998047e+00
4.383200168609619141e+00 3.847711563110351562e+00
4.196386814117431641e+00 4.197910785675048828e+00
7.041218757629394531e+00 7.301030158996582031e+00
3.331070423126220703e+00 4.681188106536865234e+00
4.054194927215576172e+00 4.414539337158203125e+00
3.686120748519897461e+00 4.221848964691162109e+00
3.456166267395019531e+00 3.288192749023437500e+00
3.613878726959228516e+00 2.494849920272827148e+00
5.346874713897705078e+00 4.148741722106933594e+00
8.543767929077148438e+00 7.939301967620849609e+00
3.109734058380126953e+00 3.552841901779174805e+00
3.907815456390380859e+00 3.536107063293457031e+00
5.924937248229980469e+00 6.253253459930419922e+00
3.890427350997924805e+00 3.170053243637084961e+00
1.022988605499267578e+01 8.887183189392089844e+00
6.441757678985595703e+00 6.595166206359863281e+00
3.533637046813964844e+00 3.370590448379516602e+00
5.339894771575927734e+00 5.494850158691406250e+00
6.150214672088623047e+00 5.971412658691406250e+00
4.171432495117187500e+00 4.686132907867431641e+00
3.966381549835205078e+00 3.568636178970336914e+00
5.798539161682128906e+00 6.397940158843994141e+00
6.252855300903320312e+00 6.795879840850830078e+00
4.286978721618652344e+00 4.632644176483154297e+00
6.741887569427490234e+00 6.600153446197509766e+00
5.391086101531982422e+00 5.792359828948974609e+00
3.522043704986572266e+00 3.677780628204345703e+00
3.495450019836425781e+00 3.454692840576171875e+00
4.216448307037353516e+00 4.009217262268066406e+00
5.784451961517333984e+00 5.863279342651367188e+00
4.028886318206787109e+00 4.886056423187255859e+00
4.715261936187744141e+00 4.584121704101562500e+00
7.287877559661865234e+00 5.610834121704101562e+00
3.422359466552734375e+00 4.698969841003417969e+00
3.678050756454467773e+00 4.264400959014892578e+00
7.041218757629394531e+00 6.391258239746093750e+00
3.627858161926269531e+00 3.000000000000000000e+00
3.073762416839599609e+00 2.966576337814331055e+00
2.902987480163574219e+00 2.675040721893310547e+00
3.331070423126220703e+00 3.000000000000000000e+00
3.759913206100463867e+00 4.522878646850585938e+00
4.327669620513916016e+00 4.496209144592285156e+00
5.798539161682128906e+00 5.279734134674072266e+00
3.869516372680664062e+00 4.309803962707519531e+00
3.684645175933837891e+00 3.972242832183837891e+00
3.053542137145996094e+00 2.823908805847167969e+00
3.468983650207519531e+00 3.585026741027832031e+00
3.803462028503417969e+00 3.958607196807861328e+00
6.500214099884033203e+00 6.279014110565185547e+00
4.308235168457031250e+00 4.283996582031250000e+00
6.962249279022216797e+00 6.823908805847167969e+00
4.297526836395263672e+00 6.716698646545410156e+00
4.039935588836669922e+00 4.368556022644042969e+00
5.808866977691650391e+00 5.267606258392333984e+00
4.020771980285644531e+00 5.774690628051757812e+00
2.689012527465820312e+00 3.000000000000000000e+00
3.502417564392089844e+00 5.200659275054931641e+00
4.581022739410400391e+00 4.229023456573486328e+00
4.758354663848876953e+00 6.206908226013183594e+00
3.393232822418212891e+00 3.795880079269409180e+00
4.193803310394287109e+00 4.448550224304199219e+00
6.425861835479736328e+00 6.267606258392333984e+00
4.113227367401123047e+00 3.671221494674682617e+00
3.901092052459716797e+00 3.400116920471191406e+00
8.949270248413085938e+00 8.899629592895507812e+00
3.147495508193969727e+00 3.136677026748657227e+00
3.881117343902587891e+00 4.883955001831054688e+00
4.378991127014160156e+00 4.423855781555175781e+00
3.356066226959228516e+00 4.110026359558105469e+00
2.653244018554687500e+00 3.193819999694824219e+00
4.758354663848876953e+00 5.376750946044921875e+00
3.135107755661010742e+00 3.045275211334228516e+00
2.873032569885253906e+00 2.638272047042846680e+00
4.956429004669189453e+00 4.079876899719238281e+00
3.514907121658325195e+00 3.256490230560302734e+00
3.620723247528076172e+00 3.756962060928344727e+00
4.058135986328125000e+00 4.115771293640136719e+00
8.371305465698242188e+00 8.698969841003417969e+00
6.808169841766357422e+00 6.221848964691162109e+00
6.603601932525634766e+00 6.841637611389160156e+00
3.647767305374145508e+00 3.049976110458374023e+00
3.740807056427001953e+00 3.690369844436645508e+00
4.879191398620605469e+00 4.522791862487792969e+00
2.984011173248291016e+00 2.638272047042846680e+00
2.772368192672729492e+00 1.853871941566467285e+00
7.401965618133544922e+00 7.000000000000000000e+00
5.860575199127197266e+00 6.560667514801025391e+00
8.527144432067871094e+00 7.165859222412109375e+00
3.970881462097167969e+00 4.522878646850585938e+00
4.443019390106201172e+00 4.221848964691162109e+00
3.735524654388427734e+00 3.000000000000000000e+00
3.738022327423095703e+00 4.126174449920654297e+00
3.813560724258422852e+00 4.096909999847412109e+00
6.406682014465332031e+00 7.498940944671630859e+00
4.634319305419921875e+00 4.525783538818359375e+00
4.062309741973876953e+00 4.452225208282470703e+00
4.349820137023925781e+00 4.203425884246826172e+00
3.913573980331420898e+00 5.576754093170166016e+00
3.637607336044311523e+00 3.184422254562377930e+00
3.613878726959228516e+00 2.684563159942626953e+00
8.239539146423339844e+00 8.958607673645019531e+00
3.997493267059326172e+00 5.134304046630859375e+00
4.076471328735351562e+00 4.522878646850585938e+00
6.824183940887451172e+00 6.546681880950927734e+00
3.468806743621826172e+00 3.801342964172363281e+00
8.212855339050292969e+00 8.496443748474121094e+00
4.371209144592285156e+00 6.000000000000000000e+00
4.002014636993408203e+00 3.508638381958007812e+00
4.328531742095947266e+00 4.625251770019531250e+00
7.368643283843994141e+00 7.047042846679687500e+00
3.701667308807373047e+00 3.193819999694824219e+00
5.759641647338867188e+00 7.085128307342529297e+00
5.485047817230224609e+00 5.552842140197753906e+00
3.613878726959228516e+00 1.769551038742065430e+00
5.393616676330566406e+00 6.000000000000000000e+00
3.337341785430908203e+00 2.991399765014648438e+00
4.986343860626220703e+00 4.721246242523193359e+00
3.020093917846679688e+00 2.737548828125000000e+00
2.312198162078857422e+00 2.099086999893188477e+00
7.434034824371337891e+00 7.953862190246582031e+00
6.160719394683837891e+00 5.869666099548339844e+00
5.225881099700927734e+00 5.685784339904785156e+00
5.712492942810058594e+00 6.122628688812255859e+00
3.974430322647094727e+00 4.552842140197753906e+00
4.673533916473388672e+00 4.363512039184570312e+00
4.597839832305908203e+00 4.267606258392333984e+00
3.166741609573364258e+00 3.068195819854736328e+00
3.738262414932250977e+00 3.698970079421997070e+00
3.516883134841918945e+00 5.000000000000000000e+00
3.459501266479492188e+00 3.172915697097778320e+00
3.866584777832031250e+00 3.396855592727661133e+00
2.162893772125244141e+00 2.844663858413696289e+00
4.892194271087646484e+00 4.209714889526367188e+00
3.464523077011108398e+00 3.609064817428588867e+00
3.709907054901123047e+00 3.595166206359863281e+00
2.912859439849853516e+00 2.306661367416381836e+00
3.627712011337280273e+00 4.102373123168945312e+00
3.634789228439331055e+00 2.958607196807861328e+00
3.476519107818603516e+00 3.282329559326171875e+00
6.760070323944091797e+00 7.397940158843994141e+00
6.085007667541503906e+00 6.333346843719482422e+00
4.811696052551269531e+00 4.974694252014160156e+00
6.234589099884033203e+00 4.851039886474609375e+00
4.076197147369384766e+00 4.764471530914306641e+00
4.239386558532714844e+00 4.230622768402099609e+00
6.798441410064697266e+00 8.089909553527832031e+00
4.053899288177490234e+00 3.845800161361694336e+00
3.931292533874511719e+00 3.769551038742065430e+00
3.276775360107421875e+00 3.303643703460693359e+00
4.652588844299316406e+00 5.141178131103515625e+00
3.107714414596557617e+00 3.031984329223632812e+00
4.801532268524169922e+00 5.035269260406494141e+00
3.963120937347412109e+00 4.221848964691162109e+00
4.701651096343994141e+00 3.537601947784423828e+00
6.452686309814453125e+00 6.063109874725341797e+00
3.464523077011108398e+00 3.636388063430786133e+00
7.835639476776123047e+00 9.447331428527832031e+00
5.236132144927978516e+00 5.542118072509765625e+00
4.176928520202636719e+00 4.435333728790283203e+00
4.170594692230224609e+00 3.832682609558105469e+00
5.415905475616455078e+00 4.886056423187255859e+00
3.157620191574096680e+00 3.498940706253051758e+00
3.530956029891967773e+00 3.113509178161621094e+00
5.402750492095947266e+00 6.939301967620849609e+00
3.142957448959350586e+00 3.045757532119750977e+00
4.393405437469482422e+00 4.679853916168212891e+00
6.762535572052001953e+00 8.060481071472167969e+00
3.404984712600708008e+00 3.443697452545166016e+00
8.328305244445800781e+00 9.229825019836425781e+00
3.128577232360839844e+00 2.987162828445434570e+00
7.962603092193603516e+00 7.899974346160888672e+00
4.218094825744628906e+00 4.187086582183837891e+00
6.267281055450439453e+00 7.096909999847412109e+00
5.191940784454345703e+00 5.136677265167236328e+00
4.321208953857421875e+00 3.725842237472534180e+00
9.264770507812500000e+00 9.569675445556640625e+00
4.421995162963867188e+00 3.931814193725585938e+00
7.282989978790283203e+00 6.301030158996582031e+00
2.558282613754272461e+00 2.230622768402099609e+00
3.169641494750976562e+00 3.063486337661743164e+00
4.959899902343750000e+00 5.607570171356201172e+00
4.331158161163330078e+00 3.920818805694580078e+00
3.730213642120361328e+00 3.721246480941772461e+00
6.002158641815185547e+00 5.540607452392578125e+00
6.149900913238525391e+00 6.187086582183837891e+00
3.087305068969726562e+00 2.703334808349609375e+00
4.822823047637939453e+00 5.221848964691162109e+00
3.958081960678100586e+00 4.080922126770019531e+00
3.210523128509521484e+00 3.058488607406616211e+00
3.685712099075317383e+00 8.192973136901855469e+00
6.196905612945556641e+00 6.602059841156005859e+00
4.642927646636962891e+00 5.649752140045166016e+00
