3.317464113235473633e+00 3.136677026748657227e+00
3.685729742050170898e+00 3.595166206359863281e+00
2.900959253311157227e+00 2.737548828125000000e+00
4.362176418304443359e+00 3.958607196807861328e+00
6.264011383056640625e+00 6.216929435729980469e+00
2.860546350479125977e+00 3.654909372329711914e+00
4.492064476013183594e+00 4.787812232971191406e+00
3.475882530212402344e+00 2.995678663253784180e+00
7.005128383636474609e+00 6.253253459930419922e+00
5.564417839050292969e+00 5.792359828948974609e+00
3.434455871582031250e+00 3.193819999694824219e+00
3.323015689849853516e+00 3.095825672149658203e+00
4.400881290435791016e+00 4.417936801910400391e+00
4.253984928131103516e+00 4.209714889526367188e+00
5.220631599426269531e+00 4.764471530914306641e+00
3.582454681396484375e+00 8.192973136901855469e+00
7.117337226867675781e+00 6.823908805847167969e+00
4.375055789947509766e+00 4.496209144592285156e+00
9.173885345458984375e+00 9.300162315368652344e+00
3.296625375747680664e+00 3.096909999847412109e+00
3.992970228195190430e+00 4.522878646850585938e+00
5.340692043304443359e+00 5.774690628051757812e+00
3.226592779159545898e+00 3.136677026748657227e+00
6.604469776153564453e+00 7.562249660491943359e+00
3.847027778625488281e+00 4.522878646850585938e+00
3.798235177993774414e+00 3.154901981353759766e+00
3.733401775360107422e+00 3.370590448379516602e+00
2.815977573394775391e+00 2.675040721893310547e+00
4.383059978485107422e+00 4.496209144592285156e+00
2.860406160354614258e+00 2.844663858413696289e+00
4.950941562652587891e+00 5.718966484069824219e+00
4.252497673034667969e+00 3.800244808197021484e+00
3.885505914688110352e+00 3.000000000000000000e+00
4.160272121429443359e+00 3.464705944061279297e+00
4.387597084045410156e+00 4.679853916168212891e+00
3.303786516189575195e+00 3.180456161499023438e+00
7.545515537261962891e+00 7.050610065460205078e+00
4.067121028900146484e+00 4.522878646850585938e+00
3.245235204696655273e+00 3.498940706253051758e+00
4.607613563537597656e+00 4.866461277008056641e+00
4.067883968353271484e+00 3.690369844436645508e+00
3.509721040725708008e+00 3.801342964172363281e+00
6.125543594360351562e+00 6.602059841156005859e+00
3.482496738433837891e+00 4.153662681579589844e+00
3.582376003265380859e+00 1.769551038742065430e+00
4.156784534454345703e+00 3.436518907546997070e+00
2.806254148483276367e+00 3.267606258392333984e+00
3.125842332839965820e+00 3.113509178161621094e+00
3.464440584182739258e+00 3.000000000000000000e+00
4.783726692199707031e+00 5.567030906677246094e+00
3.503479003906250000e+00 3.172915697097778320e+00
8.749479293823242188e+00 8.698969841003417969e+00
5.305968761444091797e+00 6.928118228912353516e+00
5.967141628265380859e+00 6.011887073516845703e+00
6.748437404632568359e+00 6.228412628173828125e+00
5.559602260589599609e+00 6.476253509521484375e+00
4.141936779022216797e+00 3.920818805694580078e+00
4.616103649139404297e+00 3.407823324203491211e+00
4.599209785461425781e+00 4.102373123168945312e+00
8.804644584655761719e+00 8.958607673645019531e+00
8.139857292175292969e+00 8.500312805175781250e+00
3.909561395645141602e+00 3.637044191360473633e+00
7.028538227081298828e+00 8.000000000000000000e+00
6.247745990753173828e+00 6.301030158996582031e+00
7.894029140472412109e+00 8.136676788330078125e+00
4.650933742523193359e+00 5.537601947784423828e+00
4.024609565734863281e+00 2.988860130310058594e+00
7.087311267852783203e+00 7.165859222412109375e+00
6.992427349090576172e+00 7.004803657531738281e+00
4.165187835693359375e+00 4.283996582031250000e+00
4.018352031707763672e+00 2.809406995773315430e+00
4.423902988433837891e+00 4.698969841003417969e+00
3.474701166152954102e+00 3.795880079269409180e+00
4.736125946044921875e+00 3.958607196807861328e+00
6.356168270111083984e+00 4.698969841003417969e+00
3.725284099578857422e+00 3.698970079421997070e+00
7.956682682037353516e+00 7.899974346160888672e+00
4.714018344879150391e+00 4.584121704101562500e+00
8.447614669799804688e+00 8.879426002502441406e+00
5.934195041656494141e+00 4.851039886474609375e+00
4.677636623382568359e+00 4.619788646697998047e+00
4.126080036163330078e+00 2.795880079269409180e+00
8.102573394775390625e+00 8.240332603454589844e+00
3.076591014862060547e+00 3.045757532119750977e+00
3.234486818313598633e+00 2.987162828445434570e+00
2.997501134872436523e+00 2.703334808349609375e+00
4.707693576812744141e+00 4.229023456573486328e+00
6.562569141387939453e+00 7.494850158691406250e+00
3.353089332580566406e+00 3.549750804901123047e+00
5.397034168243408203e+00 5.136677265167236328e+00
4.997112274169921875e+00 5.853871822357177734e+00
3.888900041580200195e+00 4.883955001831054688e+00
5.762627601623535156e+00 5.821821212768554688e+00
3.912681341171264648e+00 4.080922126770019531e+00
3.879944086074829102e+00 3.920818805694580078e+00
4.561234474182128906e+00 4.452225208282470703e+00
2.948951005935668945e+00 2.823908805847167969e+00
5.358375072479248047e+00 6.206908226013183594e+00
5.768812656402587891e+00 6.716698646545410156e+00
4.739309310913085938e+00 4.200039386749267578e+00
2.938748598098754883e+00 3.455931901931762695e+00
4.997040271759033203e+00 5.035269260406494141e+00
3.776847362518310547e+00 3.970616340637207031e+00
9.046924591064453125e+00 9.950781822204589844e+00
7.473565578460693359e+00 7.525783538818359375e+00
4.024452686309814453e+00 3.259637355804443359e+00
4.055536746978759766e+00 4.154901981353759766e+00
3.641498804092407227e+00 3.677780628204345703e+00
4.343530178070068359e+00 4.116906642913818359e+00
6.290679454803466797e+00 5.685784339904785156e+00
5.912609577178955078e+00 6.939301967620849609e+00
9.175266265869140625e+00 8.899629592895507812e+00
3.749835252761840820e+00 3.214670181274414062e+00
4.799117088317871094e+00 6.051098346710205078e+00
4.303602218627929688e+00 3.206209659576416016e+00
3.804793834686279297e+00 4.431798458099365234e+00
3.500415086746215820e+00 3.288192749023437500e+00
7.660418510437011719e+00 7.307153224945068359e+00
3.506562471389770508e+00 3.636388063430786133e+00
3.185842514038085938e+00 3.000000000000000000e+00
5.332114696502685547e+00 5.494850158691406250e+00
6.218277931213378906e+00 6.356547355651855469e+00
4.633059978485107422e+00 6.000000000000000000e+00
4.330592632293701172e+00 4.408935546875000000e+00
6.965324878692626953e+00 6.546681880950927734e+00
5.404719829559326172e+00 5.357535362243652344e+00
5.889652729034423828e+00 4.148741722106933594e+00
5.815385341644287109e+00 5.607570171356201172e+00
4.267322063446044922e+00 4.232102394104003906e+00
3.654613256454467773e+00 3.083546161651611328e+00
3.264005184173583984e+00 3.360513448715209961e+00
4.176183700561523438e+00 4.494850158691406250e+00
6.954354763031005859e+00 7.085128307342529297e+00
2.939034461975097656e+00 3.045757532119750977e+00
7.701560974121093750e+00 7.953862190246582031e+00
4.646343708038330078e+00 5.000000000000000000e+00
5.369270324707031250e+00 5.795879840850830078e+00
5.165858745574951172e+00 5.080922126770019531e+00
4.536235332489013672e+00 4.886056423187255859e+00
3.280797243118286133e+00 2.950782060623168945e+00
3.395318984985351562e+00 3.494849920272827148e+00
6.888899803161621094e+00 6.795879840850830078e+00
5.324908733367919922e+00 5.346787452697753906e+00
3.716040372848510742e+00 3.570247650146484375e+00
3.241876840591430664e+00 3.552841901779174805e+00
5.964532375335693359e+00 6.063109874725341797e+00
4.411164760589599609e+00 5.420216560363769531e+00
3.709530353546142578e+00 3.671221494674682617e+00
6.436520576477050781e+00 6.122628688812255859e+00
5.666025161743164062e+00 5.987162590026855469e+00
4.879817485809326172e+00 5.086338520050048828e+00
4.598928451538085938e+00 4.737548828125000000e+00
5.809334278106689453e+00 6.000000000000000000e+00
7.489765167236328125e+00 7.387216091156005859e+00
4.631697177886962891e+00 5.200659275054931641e+00
6.121442794799804688e+00 6.000000000000000000e+00
6.880488872528076172e+00 6.600153446197509766e+00
3.887034416198730469e+00 4.721246242523193359e+00
3.301544904708862305e+00 3.645891666412353516e+00
4.434593677520751953e+00 4.625251770019531250e+00
3.271778345108032227e+00 3.277366161346435547e+00
7.915638923645019531e+00 8.089909553527832031e+00
4.902142047882080078e+00 4.522791862487792969e+00
4.821637630462646484e+00 4.154901981353759766e+00
4.609200477600097656e+00 4.435333728790283203e+00
3.096312522888183594e+00 3.094204187393188477e+00
5.842115879058837891e+00 6.187086582183837891e+00
3.855863571166992188e+00 2.823908805847167969e+00
3.866299390792846680e+00 3.823908805847167969e+00
5.760970592498779297e+00 6.000000000000000000e+00
4.646310329437255859e+00 3.900008678436279297e+00
3.856236457824707031e+00 3.522878646850585938e+00
5.194452285766601562e+00 6.397940158843994141e+00
5.332244396209716797e+00 4.368556022644042969e+00
4.663384914398193359e+00 3.879426002502441406e+00
3.026903152465820312e+00 3.031984329223632812e+00
3.668003320693969727e+00 3.585026741027832031e+00
3.794617176055908203e+00 3.769551038742065430e+00
8.254446983337402344e+00 8.457685470581054688e+00
4.015217781066894531e+00 4.096909999847412109e+00
3.582376003265380859e+00 2.684563159942626953e+00
4.440185070037841797e+00 4.414539337158203125e+00
2.904780864715576172e+00 2.737393617630004883e+00
5.606562614440917969e+00 5.540607452392578125e+00
5.245140552520751953e+00 4.974694252014160156e+00
4.237146854400634766e+00 4.599980354309082031e+00
3.870170116424560547e+00 3.468521118164062500e+00
2.752767324447631836e+00 3.347419023513793945e+00
5.109513759613037109e+00 3.280006170272827148e+00
4.273371219635009766e+00 4.610834121704101562e+00
5.412973403930664062e+00 6.249491691589355469e+00
3.885505914688110352e+00 4.681188106536865234e+00
3.066426992416381836e+00 3.045275211334228516e+00
2.873889207839965820e+00 2.306661367416381836e+00
6.342131614685058594e+00 6.645891666412353516e+00
4.102436542510986328e+00 4.309803962707519531e+00
4.508401870727539062e+00 3.193819999694824219e+00
6.776977062225341797e+00 6.560667514801025391e+00
4.366759777069091797e+00 4.037157535552978516e+00
4.732889652252197266e+00 4.721246242523193359e+00
3.238247156143188477e+00 3.124175786972045898e+00
3.795546054840087891e+00 2.643561124801635742e+00
6.329632282257080078e+00 5.698969841003417969e+00
4.840064525604248047e+00 4.496209144592285156e+00
4.014535427093505859e+00 4.230622768402099609e+00
6.512991428375244141e+00 5.267606258392333984e+00
4.805435657501220703e+00 4.552842140197753906e+00
6.808290958404541016e+00 6.638272285461425781e+00
4.580055713653564453e+00 3.823908805847167969e+00
4.732162952423095703e+00 3.049976110458374023e+00
5.358375072479248047e+00 5.376750946044921875e+00
3.870846509933471680e+00 4.221848964691162109e+00
4.699256420135498047e+00 4.886056423187255859e+00
3.806280851364135742e+00 3.845800161361694336e+00
4.830902099609375000e+00 5.552842140197753906e+00
9.172394752502441406e+00 8.850780487060546875e+00
8.728154182434082031e+00 8.887183189392089844e+00
7.207572460174560547e+00 7.159893989562988281e+00
3.944362163543701172e+00 2.991399765014648438e+00
4.740589141845703125e+00 2.899974346160888672e+00
5.668609142303466797e+00 5.542118072509765625e+00
4.067273616790771484e+00 3.170053243637084961e+00
4.562027454376220703e+00 5.096909999847412109e+00
3.143880605697631836e+00 3.355561494827270508e+00
5.353579998016357422e+00 5.015022754669189453e+00
5.735920429229736328e+00 5.487905025482177734e+00
4.243453502655029297e+00 3.236572027206420898e+00
4.933202266693115234e+00 4.525783538818359375e+00
7.287373542785644531e+00 7.552842140197753906e+00
4.391625881195068359e+00 3.537601947784423828e+00
5.967353820800781250e+00 6.221848964691162109e+00
9.414979934692382812e+00 9.229825019836425781e+00
3.407375574111938477e+00 2.801342964172363281e+00
3.620525598526000977e+00 3.000000000000000000e+00
3.600988149642944336e+00 3.297569513320922852e+00
5.521867275238037109e+00 6.355561256408691406e+00
3.282091379165649414e+00 3.400116920471191406e+00
7.435711383819580078e+00 7.695350646972656250e+00
6.024601459503173828e+00 6.623423099517822266e+00
6.353711605072021484e+00 5.971412658691406250e+00
3.562327384948730469e+00 3.027797222137451172e+00
4.707205772399902344e+00 3.920818805694580078e+00
3.055370092391967773e+00 4.229147911071777344e+00
4.832077026367187500e+00 4.363512039184570312e+00
3.996340274810791016e+00 3.000000000000000000e+00
6.598628044128417969e+00 6.267606258392333984e+00
4.519941806793212891e+00 4.453457355499267578e+00
7.080801010131835938e+00 7.047042846679687500e+00
5.728651523590087891e+00 5.649752140045166016e+00
4.455043792724609375e+00 4.892789840698242188e+00
6.476344585418701172e+00 7.251811981201171875e+00
3.826790571212768555e+00 4.267606258392333984e+00
6.206459999084472656e+00 8.182517051696777344e+00
3.678632736206054688e+00 4.110026359558105469e+00
4.236673831939697266e+00 3.756962060928344727e+00
5.300275325775146484e+00 7.000000000000000000e+00
5.723950862884521484e+00 6.333346843719482422e+00
3.838418245315551758e+00 4.522878646850585938e+00
5.227844715118408203e+00 4.173925399780273438e+00
2.604096412658691406e+00 2.795880079269409180e+00
6.217430591583251953e+00 7.207608222961425781e+00
2.339198350906372070e+00 1.602059960365295410e+00
5.106048107147216797e+00 7.070580959320068359e+00
4.240681171417236328e+00 4.203425884246826172e+00
6.375783920288085938e+00 6.708504199981689453e+00
3.633155345916748047e+00 3.396855592727661133e+00
4.260801315307617188e+00 4.079876899719238281e+00
3.949743986129760742e+00 3.508638381958007812e+00
8.023804664611816406e+00 7.939301967620849609e+00
3.474701166152954102e+00 3.480283021926879883e+00
4.273279666900634766e+00 3.949539184570312500e+00
4.109219551086425781e+00 4.424234867095947266e+00
3.156394720077514648e+00 3.058488607406616211e+00
5.878755092620849609e+00 5.576754093170166016e+00
3.784498453140258789e+00 4.958607196807861328e+00
5.459350109100341797e+00 5.943095207214355469e+00
3.969538211822509766e+00 3.568636178970336914e+00
4.497123241424560547e+00 4.275723934173583984e+00
4.600530147552490234e+00 4.600326061248779297e+00
3.942311525344848633e+00 3.454692840576171875e+00
5.369270324707031250e+00 5.675717353820800781e+00
6.451202392578125000e+00 6.391258239746093750e+00
6.125999450683593750e+00 5.869666099548339844e+00
4.636622905731201172e+00 4.903090000152587891e+00
6.342478752136230469e+00 6.000000000000000000e+00
2.541048526763916016e+00 2.065501451492309570e+00
4.598411083221435547e+00 4.614393711090087891e+00
3.250027179718017578e+00 3.068195819854736328e+00
5.765049457550048828e+00 6.508638381958007812e+00
3.056954145431518555e+00 3.443697452545166016e+00
3.116353273391723633e+00 3.063486337661743164e+00
2.853388071060180664e+00 2.638272047042846680e+00
5.161132335662841797e+00 5.193819999694824219e+00
7.523118495941162109e+00 7.498940944671630859e+00
4.595633029937744141e+00 4.443697452545166016e+00
3.298355817794799805e+00 2.686132669448852539e+00
3.678381681442260742e+00 4.221848964691162109e+00
4.088378429412841797e+00 4.126174449920654297e+00
2.706836462020874023e+00 2.638272047042846680e+00
3.885505914688110352e+00 3.000000000000000000e+00
2.755383253097534180e+00 1.853871941566467285e+00
3.914670944213867188e+00 4.154901981353759766e+00
3.476952314376831055e+00 3.346787452697753906e+00
4.727492809295654297e+00 3.832682609558105469e+00
3.580351114273071289e+00 3.536107063293457031e+00
2.292066097259521484e+00 2.099086999893188477e+00
7.003225326538085938e+00 7.148130416870117188e+00
5.354684352874755859e+00 5.134304046630859375e+00
9.639430999755859375e+00 9.569675445556640625e+00
4.575783252716064453e+00 4.211124897003173828e+00
7.144317150115966797e+00 7.094203948974609375e+00
8.872029304504394531e+00 9.000000000000000000e+00
4.002934455871582031e+00 4.448550224304199219e+00
3.856236457824707031e+00 3.721246480941772461e+00
5.274076938629150391e+00 4.958607196807861328e+00
6.451202392578125000e+00 7.301030158996582031e+00
4.121669292449951172e+00 3.972242832183837891e+00
8.057146072387695312e+00 7.882728576660156250e+00
7.347846508026123047e+00 6.823908805847167969e+00
3.274291276931762695e+00 3.240332126617431641e+00
4.844921112060546875e+00 6.279014110565185547e+00
3.482123851776123047e+00 3.132532596588134766e+00
3.997115612030029297e+00 4.686132907867431641e+00
4.173508167266845703e+00 3.752026796340942383e+00
8.449297904968261719e+00 8.496443748474121094e+00
4.733429908752441406e+00 6.595166206359863281e+00
3.582376003265380859e+00 2.494849920272827148e+00
3.506562471389770508e+00 3.609064817428588867e+00
6.375096797943115234e+00 6.841637611389160156e+00
9.094959259033203125e+00 9.447331428527832031e+00
5.741549968719482422e+00 5.610834121704101562e+00
4.691797733306884766e+00 4.102373123168945312e+00
3.488050699234008789e+00 3.055517435073852539e+00
2.978013753890991211e+00 2.966576337814331055e+00
5.213265895843505859e+00 5.056641578674316406e+00
4.437504291534423828e+00 3.184422254562377930e+00
3.464440584182739258e+00 2.889410257339477539e+00
3.886677265167236328e+00 3.019542217254638672e+00
3.437103033065795898e+00 3.795880079269409180e+00
6.017204284667968750e+00 5.724227905273437500e+00
3.894371271133422852e+00 4.136677265167236328e+00
3.952703714370727539e+00 3.050610065460205078e+00
5.276544094085693359e+00 4.115771293640136719e+00
5.164260387420654297e+00 5.240332126617431641e+00
8.393026351928710938e+00 8.060481071472167969e+00
4.692999362945556641e+00 4.423855781555175781e+00
3.507535457611083984e+00 3.200659513473510742e+00
4.008814811706542969e+00 4.009217262268066406e+00
4.373236179351806641e+00 4.221848964691162109e+00
4.716265201568603516e+00 5.141178131103515625e+00
3.298708677291870117e+00 3.277366161346435547e+00
4.463699817657470703e+00 4.197910785675048828e+00
9.506381034851074219e+00 9.406747817993164062e+00
4.469522476196289062e+00 4.371611118316650391e+00
2.608757734298706055e+00 2.259637355804443359e+00
2.236408710479736328e+00 2.230622768402099609e+00
6.167077541351318359e+00 5.974694252014160156e+00
8.061765670776367188e+00 8.040004730224609375e+00
2.847033739089965820e+00 2.886056661605834961e+00
