2.542784690856933594e+00 2.099086999893188477e+00
3.536278486251831055e+00 3.000000000000000000e+00
5.299926757812500000e+00 4.154901981353759766e+00
3.084495782852172852e+00 2.823908805847167969e+00
3.154990911483764648e+00 3.080921888351440430e+00
7.218277454376220703e+00 8.000000000000000000e+00
5.514007091522216797e+00 6.000000000000000000e+00
4.564016819000244141e+00 4.453457355499267578e+00
2.879704475402832031e+00 3.058488607406616211e+00
5.940226554870605469e+00 6.187086582183837891e+00
4.043535232543945312e+00 3.280006170272827148e+00
4.245854854583740234e+00 3.823908805847167969e+00
5.603380203247070312e+00 5.540607452392578125e+00
4.961458683013916016e+00 5.086338520050048828e+00
3.651767730712890625e+00 3.027797222137451172e+00
4.237559795379638672e+00 4.136677265167236328e+00
3.059547185897827148e+00 2.795880079269409180e+00
3.886664628982543945e+00 3.256490230560302734e+00
5.827986240386962891e+00 6.939301967620849609e+00
6.155741214752197266e+00 5.685784339904785156e+00
7.471982479095458984e+00 7.251811981201171875e+00
8.966567993164062500e+00 8.496443748474121094e+00
4.883972167968750000e+00 3.920818805694580078e+00
3.438764572143554688e+00 3.508638381958007812e+00
3.516833543777465820e+00 2.995678663253784180e+00
5.215255260467529297e+00 3.847711563110351562e+00
5.774121761322021484e+00 7.070580959320068359e+00
5.987103939056396484e+00 6.063109874725341797e+00
4.114060878753662109e+00 3.920818805694580078e+00
4.239028453826904297e+00 5.015022754669189453e+00
3.689760684967041016e+00 3.798654794692993164e+00
7.040671348571777344e+00 6.623423099517822266e+00
2.819683313369750977e+00 2.187086582183837891e+00
3.176437616348266602e+00 4.110026359558105469e+00
3.277870416641235352e+00 3.455931901931762695e+00
7.824573040008544922e+00 7.047042846679687500e+00
3.072610616683959961e+00 3.439943552017211914e+00
8.960662841796875000e+00 9.000000000000000000e+00
5.327467918395996094e+00 6.051098346710205078e+00
7.029676914215087891e+00 6.228412628173828125e+00
6.221833705902099609e+00 5.974694252014160156e+00
9.216309547424316406e+00 8.958607673645019531e+00
2.862715721130371094e+00 3.654909372329711914e+00
6.264564037322998047e+00 6.000000000000000000e+00
9.172678947448730469e+00 8.887183189392089844e+00
5.404963016510009766e+00 5.698969841003417969e+00
8.229868888854980469e+00 8.060481071472167969e+00
4.741253376007080078e+00 3.619788646697998047e+00
4.251914024353027344e+00 3.920818805694580078e+00
4.343629360198974609e+00 3.536107063293457031e+00
4.797644615173339844e+00 4.599980354309082031e+00
3.689760684967041016e+00 2.684563159942626953e+00
3.439764261245727539e+00 3.795880079269409180e+00
6.794622898101806641e+00 6.823908805847167969e+00
2.867841958999633789e+00 3.355561494827270508e+00
5.360164165496826172e+00 5.080922126770019531e+00
3.448785305023193359e+00 3.677780628204345703e+00
3.399164438247680664e+00 3.303643703460693359e+00
3.453099489212036133e+00 3.645891666412353516e+00
4.696526050567626953e+00 4.552842140197753906e+00
3.915366172790527344e+00 4.102373123168945312e+00
4.385218620300292969e+00 4.522878646850585938e+00
6.846025466918945312e+00 5.821821212768554688e+00
3.292726039886474609e+00 3.282329559326171875e+00
3.689760684967041016e+00 1.769551038742065430e+00
6.593335151672363281e+00 5.863279342651367188e+00
2.480925083160400391e+00 2.259637355804443359e+00
5.981294155120849609e+00 6.187086582183837891e+00
2.174859046936035156e+00 2.230622768402099609e+00
7.736307621002197266e+00 7.552842140197753906e+00
5.965662479400634766e+00 7.096909999847412109e+00
2.860126733779907227e+00 2.675040721893310547e+00
3.995784044265747070e+00 3.214670181274414062e+00
4.968128681182861328e+00 4.974694252014160156e+00
3.646582841873168945e+00 3.346787452697753906e+00
3.956522703170776367e+00 2.809406995773315430e+00
3.521311044692993164e+00 3.795880079269409180e+00
5.658214092254638672e+00 5.035269260406494141e+00
7.399946689605712891e+00 6.928118228912353516e+00
4.262690544128417969e+00 3.407823324203491211e+00
4.480171680450439453e+00 4.371611118316650391e+00
8.076439857482910156e+00 7.899974346160888672e+00
1.004237270355224609e+01 9.406747817993164062e+00
4.467492103576660156e+00 4.679853916168212891e+00
4.147838592529296875e+00 4.448550224304199219e+00
3.412193298339843750e+00 4.080922126770019531e+00
3.689746618270874023e+00 8.192973136901855469e+00
8.906118392944335938e+00 8.698969841003417969e+00
5.864786624908447266e+00 5.552842140197753906e+00
6.247925281524658203e+00 5.279734134674072266e+00
5.958170413970947266e+00 6.071333885192871094e+00
3.341584444046020508e+00 4.229147911071777344e+00
3.914702892303466797e+00 3.958607196807861328e+00
4.731451988220214844e+00 4.435333728790283203e+00
4.319295883178710938e+00 4.496209144592285156e+00
7.911203384399414062e+00 8.240332603454589844e+00
3.373835563659667969e+00 3.277366161346435547e+00
5.788135051727294922e+00 5.240332126617431641e+00
3.935794353485107422e+00 4.275723934173583984e+00
3.407757043838500977e+00 3.113509178161621094e+00
5.369103908538818359e+00 4.522791862487792969e+00
6.635991573333740234e+00 6.600153446197509766e+00
6.762847423553466797e+00 6.645891666412353516e+00
7.279980182647705078e+00 7.004803657531738281e+00
5.842236995697021484e+00 5.675717353820800781e+00
5.095655441284179688e+00 4.525783538818359375e+00
3.840543270111083984e+00 3.585026741027832031e+00
3.265956163406372070e+00 3.045757532119750977e+00
3.848862409591674805e+00 3.823908805847167969e+00
3.743566751480102539e+00 3.595166206359863281e+00
4.001817226409912109e+00 4.154901981353759766e+00
7.419959545135498047e+00 6.602059841156005859e+00
3.614772796630859375e+00 3.677780628204345703e+00
2.696602582931518555e+00 2.823908805847167969e+00
4.638637065887451172e+00 4.632644176483154297e+00
4.176793098449707031e+00 4.686132907867431641e+00
3.947392940521240234e+00 3.170053243637084961e+00
4.129509449005126953e+00 4.154901981353759766e+00
2.502797365188598633e+00 2.638272047042846680e+00
3.434913635253906250e+00 3.124175786972045898e+00
3.488653659820556641e+00 3.209011554718017578e+00
2.724098443984985352e+00 2.966576337814331055e+00
4.501475334167480469e+00 4.414539337158203125e+00
9.616868019104003906e+00 9.950781822204589844e+00
5.634865283966064453e+00 5.346787452697753906e+00
3.263400316238403320e+00 2.950782060623168945e+00
3.193670511245727539e+00 3.721246480941772461e+00
3.411001443862915039e+00 3.949539184570312500e+00
6.258093357086181641e+00 5.971412658691406250e+00
6.382812023162841797e+00 4.851039886474609375e+00
3.168700456619262695e+00 3.000000000000000000e+00
3.435429096221923828e+00 2.958607196807861328e+00
5.503641605377197266e+00 4.886056423187255859e+00
2.842891931533813477e+00 1.853871941566467285e+00
3.520291090011596680e+00 2.899974346160888672e+00
6.846911430358886719e+00 7.397940158843994141e+00
2.742550134658813477e+00 2.703334808349609375e+00
3.546747922897338867e+00 3.055517435073852539e+00
6.911770343780517578e+00 6.391258239746093750e+00
9.984059333801269531e+00 9.569675445556640625e+00
6.061740875244140625e+00 5.610834121704101562e+00
9.812933921813964844e+00 8.850780487060546875e+00
4.418555736541748047e+00 3.970616340637207031e+00
2.751932621002197266e+00 2.638272047042846680e+00
8.227769851684570312e+00 7.953862190246582031e+00
4.732858657836914062e+00 5.576754093170166016e+00
5.351267337799072266e+00 5.567030906677246094e+00
3.590564966201782227e+00 3.049976110458374023e+00
3.268691539764404297e+00 3.206209659576416016e+00
3.909701824188232422e+00 3.769551038742065430e+00
4.786876678466796875e+00 4.173925399780273438e+00
5.336311340332031250e+00 4.958607196807861328e+00
7.817718029022216797e+00 7.387216091156005859e+00
3.606215476989746094e+00 3.636388063430786133e+00
8.676240921020507812e+00 8.879426002502441406e+00
5.064765453338623047e+00 5.221848964691162109e+00
6.150239467620849609e+00 6.301030158996582031e+00
7.309371471405029297e+00 7.695350646972656250e+00
4.074573040008544922e+00 3.464705944061279297e+00
2.421001672744750977e+00 2.397939920425415039e+00
4.201125621795654297e+00 4.221848964691162109e+00
7.135679721832275391e+00 7.148130416870117188e+00
4.831520557403564453e+00 4.267606258392333984e+00
7.326876163482666016e+00 6.795879840850830078e+00
3.596656560897827148e+00 3.172915697097778320e+00
4.194213390350341797e+00 4.408935546875000000e+00
5.333442211151123047e+00 5.494850158691406250e+00
3.922770500183105469e+00 4.494850158691406250e+00
5.877547740936279297e+00 5.487905025482177734e+00
3.783808708190917969e+00 4.522878646850585938e+00
5.182882785797119141e+00 6.355561256408691406e+00
3.637076139450073242e+00 4.883955001831054688e+00
3.439376592636108398e+00 3.184422254562377930e+00
3.472297906875610352e+00 3.180456161499023438e+00
2.855351209640502930e+00 3.063486337661743164e+00
3.689760684967041016e+00 2.494849920272827148e+00
3.502737045288085938e+00 2.889410257339477539e+00
6.911770343780517578e+00 7.301030158996582031e+00
3.378653287887573242e+00 3.468521118164062500e+00
2.606514215469360352e+00 2.638272047042846680e+00
7.364439487457275391e+00 7.307153224945068359e+00
4.508983135223388672e+00 4.443697452545166016e+00
6.384050846099853516e+00 6.546681880950927734e+00
6.630062103271484375e+00 6.508638381958007812e+00
6.224664211273193359e+00 6.333346843719482422e+00
2.189220905303955078e+00 1.602059960365295410e+00
5.056720733642578125e+00 5.607570171356201172e+00
4.169051170349121094e+00 4.496209144592285156e+00
5.907038211822509766e+00 4.698969841003417969e+00
4.255335330963134766e+00 4.610834121704101562e+00
3.645348072052001953e+00 3.019542217254638672e+00
2.770412683486938477e+00 3.031984329223632812e+00
2.817723274230957031e+00 3.045757532119750977e+00
2.651260614395141602e+00 2.737548828125000000e+00
4.820744991302490234e+00 3.900008678436279297e+00
2.836298942565917969e+00 3.094204187393188477e+00
4.009557723999023438e+00 3.752026796340942383e+00
4.202284336090087891e+00 5.134304046630859375e+00
2.791050195693969727e+00 3.193819999694824219e+00
3.226433992385864258e+00 2.686132669448852539e+00
8.487921714782714844e+00 8.457685470581054688e+00
3.722023248672485352e+00 3.259637355804443359e+00
4.326146602630615234e+00 3.832682609558105469e+00
7.552659988403320312e+00 7.494850158691406250e+00
6.424842357635498047e+00 6.823908805847167969e+00
3.536278486251831055e+00 4.681188106536865234e+00
3.610967397689819336e+00 3.096909999847412109e+00
3.314109086990356445e+00 3.454692840576171875e+00
3.375162839889526367e+00 3.050610065460205078e+00
5.582056999206542969e+00 6.011887073516845703e+00
4.894158840179443359e+00 4.625251770019531250e+00
3.898748159408569336e+00 3.436518907546997070e+00
4.290823936462402344e+00 4.368556022644042969e+00
5.677629947662353516e+00 6.000000000000000000e+00
5.293996810913085938e+00 4.496209144592285156e+00
5.972671031951904297e+00 6.476253509521484375e+00
4.089779376983642578e+00 4.522878646850585938e+00
6.269464969635009766e+00 5.943095207214355469e+00
4.119574069976806641e+00 3.756962060928344727e+00
3.808325290679931641e+00 4.102373123168945312e+00
4.001652717590332031e+00 4.301030158996582031e+00
4.783406734466552734e+00 3.879426002502441406e+00
7.321237564086914062e+00 7.094203948974609375e+00
4.519073009490966797e+00 3.725842237472534180e+00
2.878752946853637695e+00 2.737393617630004883e+00
6.450202465057373047e+00 6.256353378295898438e+00
4.067108631134033203e+00 3.958607196807861328e+00
3.379363775253295898e+00 4.698969841003417969e+00
3.653181552886962891e+00 3.570247650146484375e+00
5.350300788879394531e+00 5.718966484069824219e+00
3.536278486251831055e+00 3.000000000000000000e+00
5.945366859436035156e+00 5.724227905273437500e+00
4.151526927947998047e+00 3.522878646850585938e+00
3.319817066192626953e+00 3.494849920272827148e+00
6.524330615997314453e+00 6.356547355651855469e+00
8.731302261352539062e+00 9.447331428527832031e+00
3.423888444900512695e+00 3.549750804901123047e+00
4.221410274505615234e+00 4.126174449920654297e+00
6.873752117156982422e+00 7.000000000000000000e+00
9.794156074523925781e+00 8.698969841003417969e+00
7.171198368072509766e+00 7.000000000000000000e+00
6.386558532714843750e+00 6.253253459930419922e+00
5.002215862274169922e+00 5.853871822357177734e+00
6.396637439727783203e+00 7.562249660491943359e+00
3.896288871765136719e+00 4.096909999847412109e+00
4.385023593902587891e+00 3.845800161361694336e+00
3.933269739151000977e+00 4.424234867095947266e+00
6.111653804779052734e+00 5.267606258392333984e+00
3.348544836044311523e+00 2.991399765014648438e+00
4.319580554962158203e+00 4.221848964691162109e+00
3.606215476989746094e+00 3.609064817428588867e+00
8.727947235107421875e+00 8.089909553527832031e+00
5.842236995697021484e+00 5.795879840850830078e+00
6.525462627410888672e+00 6.122628688812255859e+00
6.540286540985107422e+00 8.182517051696777344e+00
7.894492626190185547e+00 7.525783538818359375e+00
4.539279937744140625e+00 4.079876899719238281e+00
5.550582408905029297e+00 6.206908226013183594e+00
3.978879690170288086e+00 3.972242832183837891e+00
4.580053329467773438e+00 3.537601947784423828e+00
4.398355960845947266e+00 4.232102394104003906e+00
4.487149715423583984e+00 4.614393711090087891e+00
7.882297039031982422e+00 8.040004730224609375e+00
7.666725635528564453e+00 7.159893989562988281e+00
4.151526927947998047e+00 3.721246480941772461e+00
4.812583446502685547e+00 4.866461277008056641e+00
4.182335376739501953e+00 5.774690628051757812e+00
7.292389392852783203e+00 7.085128307342529297e+00
3.538464307785034180e+00 3.132532596588134766e+00
4.653923988342285156e+00 4.892789840698242188e+00
5.173964500427246094e+00 5.056641578674316406e+00
3.073250293731689453e+00 2.844663858413696289e+00
3.869316577911376953e+00 4.903090000152587891e+00
7.040598392486572266e+00 6.279014110565185547e+00
3.782303333282470703e+00 4.221848964691162109e+00
3.821104764938354492e+00 3.400116920471191406e+00
3.846889257431030273e+00 4.116906642913818359e+00
3.222317457199096680e+00 3.095825672149658203e+00
3.464324712753295898e+00 3.552841901779174805e+00
3.282397747039794922e+00 3.200659513473510742e+00
4.216237545013427734e+00 4.737548828125000000e+00
4.094373226165771484e+00 4.264400959014892578e+00
5.550582408905029297e+00 5.376750946044921875e+00
4.382948875427246094e+00 4.958607196807861328e+00
3.838870286941528320e+00 5.000000000000000000e+00
5.387259960174560547e+00 4.721246242523193359e+00
7.850977420806884766e+00 7.939301967620849609e+00
4.000644207000732422e+00 4.283996582031250000e+00
5.159275531768798828e+00 5.193819999694824219e+00
3.405342340469360352e+00 2.987162828445434570e+00
5.004696846008300781e+00 5.357535362243652344e+00
4.594803333282470703e+00 6.000000000000000000e+00
2.850970983505249023e+00 3.267606258392333984e+00
3.502737045288085938e+00 3.000000000000000000e+00
7.091713905334472656e+00 6.560667514801025391e+00
3.902441740036010742e+00 3.637044191360473633e+00
4.874157428741455078e+00 5.649752140045166016e+00
3.369845151901245117e+00 3.498940706253051758e+00
3.435255527496337891e+00 2.958607196807861328e+00
5.128233909606933594e+00 3.958607196807861328e+00
5.728020668029785156e+00 5.792359828948974609e+00
7.388657093048095703e+00 5.869666099548339844e+00
3.345715522766113281e+00 3.136677026748657227e+00
6.422435760498046875e+00 6.841637611389160156e+00
9.456673622131347656e+00 9.698969841003417969e+00
5.665995597839355469e+00 6.249491691589355469e+00
3.892664670944213867e+00 4.187086582183837891e+00
5.254505634307861328e+00 5.542118072509765625e+00
3.026666641235351562e+00 3.136677026748657227e+00
3.946419954299926758e+00 3.154901981353759766e+00
3.998470544815063477e+00 3.698970079421997070e+00
3.810714960098266602e+00 3.800244808197021484e+00
4.117960453033447266e+00 4.009217262268066406e+00
3.202633619308471680e+00 3.240332126617431641e+00
8.207083702087402344e+00 8.136676788330078125e+00
3.901411771774291992e+00 4.203425884246826172e+00
3.439764261245727539e+00 3.480283021926879883e+00
6.354553699493408203e+00 6.221848964691162109e+00
4.175700187683105469e+00 4.721246242523193359e+00
4.306120395660400391e+00 4.115771293640136719e+00
3.655704259872436523e+00 4.522878646850585938e+00
3.586936473846435547e+00 3.288192749023437500e+00
4.714319229125976562e+00 3.931814193725585938e+00
2.875622034072875977e+00 2.306661367416381836e+00
3.271094083786010742e+00 3.443697452545166016e+00
6.913367271423339844e+00 6.216929435729980469e+00
4.315813541412353516e+00 4.764471530914306641e+00
5.154225349426269531e+00 4.584121704101562500e+00
2.506067514419555664e+00 2.065501451492309570e+00
2.807911157608032227e+00 3.045275211334228516e+00
4.891418457031250000e+00 5.537601947784423828e+00
4.228450298309326172e+00 4.452225208282470703e+00
3.351655483245849609e+00 2.801342964172363281e+00
9.470643043518066406e+00 9.229825019836425781e+00
4.586973667144775391e+00 4.417936801910400391e+00
3.565638780593872070e+00 4.153662681579589844e+00
4.765929222106933594e+00 5.096909999847412109e+00
3.397457838058471680e+00 3.360513448715209961e+00
3.713094949722290039e+00 3.413412809371948242e+00
2.848876714706420898e+00 3.347419023513793945e+00
6.576231479644775391e+00 7.029188156127929688e+00
4.447960376739501953e+00 4.886056423187255859e+00
7.230256080627441406e+00 7.207608222961425781e+00
3.903398036956787109e+00 3.396855592727661133e+00
4.606032848358154297e+00 4.619788646697998047e+00
4.702712535858154297e+00 4.363512039184570312e+00
6.140787601470947266e+00 6.267606258392333984e+00
6.821240901947021484e+00 6.595166206359863281e+00
5.798890590667724609e+00 4.148741722106933594e+00
3.376083135604858398e+00 2.795880079269409180e+00
3.381362676620483398e+00 3.236572027206420898e+00
5.068188190460205078e+00 5.141178131103515625e+00
4.384861469268798828e+00 4.431798458099365234e+00
5.180959224700927734e+00 7.000000000000000000e+00
3.742818117141723633e+00 3.297569513320922852e+00
9.723553657531738281e+00 9.300162315368652344e+00
4.383931636810302734e+00 2.643561124801635742e+00
6.247925281524658203e+00 6.397940158843994141e+00
